0.008723
0.009912
0.008735
0.011531
0.011361
0.010539
0.012784
0.014677
0.015508
0.013005
0.012369
0.014157
0.015298
0.014919
0.017623
0.015416
0.014034
0.009247
0.008389
0.003523
0.001964
0.001159
0.000584
0.000439
0.000173
-0.000058
0.000044
0.000469
0.000010
0.001260
0.001269
0.010867
0.009187
0.011699
0.013042
0.010714
0.015834
0.013855
0.014072
0.015519
0.015295
0.015045
0.016757
0.019663
0.020419
0.023653
0.021144
0.016514
0.013822
0.006629
0.003655
0.003328
0.001626
0.000903
0.000810
0.000277
0.000180
0.000293
-0.001019
0.000300
0.000315
0.002011
0.009905
0.012078
0.012554
0.012939
0.015042
0.015763
0.014685
0.018490
0.019000
0.017827
0.018983
0.019781
0.018556
0.020236
0.023444
0.020813
0.019471
0.011931
0.008086
0.005532
0.003495
0.001525
0.001191
0.000124
0.000685
0.001397
-0.000399
0.000156
0.000714
0.000128
0.000267
0.013477
0.012948
0.017109
0.013669
0.017575
0.017232
0.021419
0.018881
0.020789
0.021110
0.021799
0.021220
0.023984
0.026263
0.027525
0.022764
0.019062
0.013352
0.009845
0.006126
0.003454
0.003095
0.002128
0.001683
0.000553
0.000171
0.001621
0.001170
0.001930
0.000825
0.001698
0.014229
0.016129
0.017084
0.015482
0.022769
0.020901
0.021141
0.023265
0.021808
0.025740
0.022252
0.023982
0.027260
0.030273
0.029935
0.026527
0.020248
0.018375
0.012272
0.005371
0.004460
0.002144
0.000978
0.001072
0.000730
0.000861
0.001169
0.002184
-0.001136
0.000436
0.000657
0.015686
0.019690
0.018352
0.022592
0.021094
0.023182
0.025837
0.027617
0.023579
0.025636
0.026146
0.029810
0.029194
0.036076
0.037873
0.033722
0.025764
0.019269
0.013981
0.007105
0.003330
0.003590
0.001695
0.001881
0.001310
0.000698
0.000057
0.001660
0.000289
0.000006
0.000718
0.020916
0.022399
0.023013
0.023343
0.023098
0.027774
0.028838
0.028620
0.027837
0.030323
0.031169
0.030823
0.034124
0.039537
0.039499
0.038727
0.031670
0.023035
0.013594
0.008344
0.005272
0.003197
0.001017
0.001301
0.002493
0.001367
0.001176
0.001154
0.002076
0.002144
0.000151
0.022608
0.023423
0.022431
0.025084
0.027433
0.030783
0.033542
0.034416
0.031762
0.030113
0.034742
0.035960
0.037787
0.043324
0.043563
0.046534
0.035485
0.026134
0.016488
0.008434
0.007738
0.004135
0.001968
0.001530
0.001211
0.000324
0.001658
0.000713
-0.000497
0.000523
0.002391
0.027539
0.025261
0.033892
0.028525
0.034175
0.037909
0.041385
0.042214
0.041459
0.038386
0.041387
0.043401
0.047809
0.049919
0.054952
0.047082
0.041508
0.028832
0.018651
0.013355
0.005859
0.003382
0.002581
0.001691
0.001563
0.001654
0.001956
0.000742
0.000629
0.000912
0.002684
0.031749
0.033058
0.036415
0.040123
0.040866
0.040022
0.049343
0.054112
0.053195
0.050802
0.051012
0.051973
0.058458
0.063618
0.064784
0.060118
0.049017
0.032430
0.023283
0.013516
0.010179
0.006298
0.004236
0.000465
0.000632
0.001858
0.000772
0.001556
0.002838
0.000988
0.003030
0.044522
0.045923
0.041643
0.053014
0.047355
0.047675
0.060873
0.060823
0.059063
0.058814
0.057840
0.064072
0.071860
0.075437
0.074068
0.079805
0.061693
0.044279
0.028336
0.016910
0.010616
0.005511
0.004625
0.001668
0.001676
0.003219
0.001876
0.001473
0.000442
-0.000133
0.000402
0.049573
0.052536
0.054978
0.051159
0.065510
0.073121
0.071739
0.077094
0.072410
0.077027
0.078107
0.085154
0.093189
0.097282
0.099423
0.094082
0.076630
0.057943
0.037527
0.022320
0.013399
0.008037
0.004955
0.002300
0.002122
0.001483
0.002781
0.001597
0.001129
0.000798
0.002493
0.066869
0.070042
0.060330
0.071191
0.088283
0.086798
0.101274
0.099012
0.097071
0.096824
0.103264
0.106720
0.121832
0.127322
0.138807
0.125994
0.102007
0.072962
0.045697
0.026819
0.014103
0.006627
0.005783
0.004267
0.003544
0.001897
0.004064
0.002724
0.001087
0.002515
0.001053
0.104261
0.099869
0.100082
0.091443
0.119588
0.119266
0.145299
0.143153
0.145632
0.135792
0.131694
0.154492
0.166641
0.178940
0.178043
0.166322
0.137262
0.099992
0.066042
0.040326
0.022788
0.014051
0.006307
0.005537
0.003794
0.003475
0.002729
0.004026
0.002554
0.001836
0.001574
0.136650
0.142409
0.142585
0.151257
0.168534
0.185784
0.182233
0.200758
0.199742
0.196197
0.192578
0.217682
0.228074
0.251779
0.254865
0.246083
0.199044
0.134141
0.088630
0.058451
0.032714
0.016468
0.009935
0.007025
0.005518
0.003520
0.004427
0.005007
0.004117
0.004653
0.006047
0.198086
0.206224
0.214389
0.223580
0.238747
0.256758
0.270909
0.290613
0.291597
0.285156
0.293248
0.316672
0.339360
0.370389
0.378925
0.357357
0.295887
0.214276
0.139547
0.078281
0.046373
0.024989
0.017281
0.012564
0.006859
0.006160
0.004253
0.008376
0.005626
0.005351
0.006261
0.312265
0.304694
0.299453
0.331217
0.381255
0.391010
0.415890
0.428407
0.440189
0.429147
0.435313
0.475438
0.528992
0.563924
0.575865
0.536940
0.435534
0.315575
0.202909
0.118020
0.070263
0.038703
0.020538
0.015647
0.010110
0.011587
0.010437
0.011871
0.007956
0.008862
0.009640
0.434493
0.457580
0.460080
0.472337
0.526256
0.602638
0.623929
0.634980
0.636220
0.632649
0.654581
0.703174
0.745842
0.811758
0.856822
0.805482
0.641942
0.450964
0.293498
0.172488
0.104044
0.056813
0.034018
0.022051
0.018044
0.015761
0.014829
0.013164
0.011183
0.009005
0.014723
0.666841
0.636019
0.672764
0.720977
0.773692
0.846501
0.917987
0.966160
0.922140
0.932605
0.947516
1.033268
1.106996
1.177496
1.248008
1.177823
0.945381
0.656607
0.436749
0.252505
0.151872
0.087011
0.049845
0.035649
0.024266
0.020387
0.019957
0.018024
0.019113
0.016837
0.019026
0.931462
0.933579
0.968695
1.015560
1.077988
1.193118
1.326677
1.337757
1.368169
1.314091
1.371597
1.496465
1.612166
1.744390
1.793720
1.689861
1.375159
0.983267
0.613734
0.384381
0.213890
0.118332
0.075142
0.046950
0.033618
0.031815
0.030155
0.032509
0.026110
0.029194
0.032478
1.325748
1.323043
1.365587
1.467808
1.541387
1.725940
1.829033
1.942661
1.892156
1.927912
1.934623
2.095023
2.252133
2.510187
2.520103
2.375234
1.931299
1.405417
0.882182
0.521809
0.295146
0.171794
0.098295
0.069464
0.052617
0.046511
0.042693
0.036474
0.031532
0.040764
0.041762
1.739255
1.771645
1.828713
1.936618
2.145398
2.313521
2.517575
2.561020
2.537507
2.553238
2.583540
2.751214
3.080839
3.298460
3.399131
3.154108
2.631194
1.856381
1.178741
0.710805
0.411235
0.232645
0.136220
0.089234
0.068321
0.063533
0.053641
0.052605
0.048950
0.053098
0.054574
2.187063
2.195884
2.254823
2.411041
2.678555
2.884161
3.123956
3.242313
3.205542
3.160363
3.269469
3.510535
3.869533
4.193818
4.288438
3.997700
3.235697
2.308924
1.488855
0.881679
0.498636
0.294588
0.163873
0.111219
0.092186
0.079816
0.066248
0.059514
0.059823
0.063573
0.071380
2.750879
2.724823
2.869265
2.972364
3.237932
3.589685
3.815643
4.045229
3.937017
3.879019
3.947261
4.240119
4.750870
5.053832
5.285361
4.930843
4.004005
2.918641
1.895330
1.081544
0.642687
0.358073
0.208691
0.131975
0.116558
0.094816
0.084895
0.083700
0.073973
0.075721
0.081397
3.202007
3.206843
3.271389
3.506504
3.848536
4.145470
4.499002
4.699031
4.635225
4.480774
4.567686
4.916770
5.440582
5.929848
6.106798
5.840079
4.711928
3.370175
2.159944
1.257370
0.746171
0.414719
0.241787
0.162564
0.134941
0.102363
0.099029
0.093977
0.088001
0.092973
0.097202
3.456534
3.521432
3.610621
3.877019
4.270333
4.629251
4.888159
5.001864
5.079626
5.004446
5.075531
5.459899
6.100169
6.516366
6.715466
6.266493
5.127909
3.810340
2.395059
1.396198
0.818611
0.476756
0.277952
0.184265
0.148835
0.118890
0.107907
0.102995
0.099489
0.109535
0.103329
3.678974
3.653816
3.727701
4.020334
4.408524
4.718505
5.115138
5.375472
5.300552
5.189690
5.327173
5.603251
6.342716
6.793763
7.064435
6.599857
5.374298
3.964516
2.548849
1.447763
0.860513
0.487486
0.293049
0.190614
0.150655
0.125194
0.113482
0.107864
0.114978
0.103141
0.104853
3.653547
3.655242
3.787933
4.086168
4.372083
4.750719
5.109231
5.384295
5.426162
5.233124
5.369676
5.770823
6.328568
6.926700
7.002717
6.603055
5.414134
3.948610
2.545565
1.477912
0.862863
0.471240
0.279027
0.190513
0.157427
0.133946
0.111623
0.098531
0.106586
0.102411
0.112616
3.485907
3.477896
3.590857
3.826694
4.228113
4.550844
4.961779
5.099285
5.116189
4.975570
5.130895
5.521096
6.024800
6.517077
6.674976
6.479083
5.284078
3.824772
2.469673
1.400269
0.826177
0.453574
0.274682
0.179554
0.143276
0.124904
0.111144
0.100285
0.099540
0.107126
0.113373
3.230920
3.236456
3.427819
3.618726
3.883623
4.253490
4.589467
4.701446
4.618132
4.644086
4.731472
4.954468
5.595345
6.086753
6.301528
5.995558
4.802139
3.452513
2.311493
1.293007
0.767174
0.423480
0.244747
0.164840
0.129387
0.109455
0.100194
0.096092
0.096070
0.088791
0.095390
2.840667
2.800196
2.993894
3.138326
3.440084
3.778373
4.085126
4.192245
4.190258
4.055680
4.152742
4.459074
4.970769
5.372989
5.537611
5.128996
4.305233
3.096165
2.038134
1.147635
0.683405
0.379727
0.223559
0.155704
0.118333
0.100278
0.091458
0.089881
0.079956
0.075468
0.087326
2.407827
2.463072
2.606576
2.722646
2.930219
3.255948
3.455293
3.597612
3.531185
3.466305
3.574569
3.836954
4.240787
4.560978
4.705831
4.507166
3.619045
2.649282
1.718122
0.996811
0.600179
0.336937
0.188443
0.124976
0.095039
0.088738
0.084801
0.067790
0.072255
0.074069
0.076275
2.004571
2.017467
2.166319
2.251504
2.382847
2.641579
2.830380
2.865597
2.974851
2.878571
2.907685
3.166229
3.585148
3.864574
3.892624
3.751800
3.059038
2.186010
1.416024
0.842772
0.484090
0.275647
0.168937
0.103040
0.088472
0.072782
0.062381
0.060163
0.064345
0.055942
0.062239
1.652656
1.685025
1.736361
1.858661
2.017376
2.223760
2.361597
2.447358
2.387908
2.392152
2.444846
2.580591
2.882955
3.130839
3.270961
3.047587
2.530582
1.796283
1.207679
0.687970
0.409660
0.230318
0.132006
0.088377
0.067172
0.060690
0.050281
0.049423
0.047025
0.053418
0.054072
1.350955
1.331655
1.439689
1.483945
1.583817
1.804430
1.915473
1.979453
1.982351
1.946191
1.974930
2.085261
2.318060
2.564138
2.613523
2.497429
2.055395
1.482124
0.935972
0.555398
0.324291
0.193163
0.107121
0.074184
0.054152
0.045551
0.039054
0.039098
0.046656
0.042571
0.035281
1.087765
1.056226
1.089058
1.178457
1.262140
1.448585
1.506700
1.556710
1.581421
1.503730
1.569231
1.682780
1.905075
2.016967
2.088803
1.937723
1.616982
1.143763
0.730992
0.438721
0.259183
0.136480
0.084408
0.061923
0.045546
0.037771
0.031028
0.028641
0.034365
0.029753
0.031268
0.841026
0.898644
0.892894
0.969071
1.025194
1.121928
1.203884
1.250353
1.259229
1.208719
1.247825
1.324264
1.508907
1.653723
1.652574
1.584461
1.313104
0.949391
0.607233
0.360597
0.210250
0.116979
0.067558
0.047030
0.038600
0.032811
0.028106
0.027975
0.028424
0.030163
0.028448
0.705174
0.741386
0.771985
0.778971
0.858049
0.923301
1.021258
1.044727
1.069017
1.029699
1.056896
1.088670
1.230027
1.339157
1.381207
1.333192
1.049152
0.776018
0.515894
0.293216
0.170899
0.095828
0.059371
0.038569
0.031371
0.025029
0.021500
0.024209
0.018850
0.022804
0.021440
0.586618
0.637372
0.625236
0.686912
0.702779
0.776438
0.886489
0.877111
0.883866
0.854807
0.879313
0.926583
1.057149
1.153814
1.185682
1.094490
0.941309
0.651200
0.425316
0.244414
0.143789
0.082804
0.046030
0.028914
0.025240
0.023522
0.021823
0.020895
0.019337
0.017771
0.019706
0.521868
0.522415
0.554608
0.572737
0.610139
0.656530
0.716469
0.760965
0.745185
0.732388
0.740640
0.792977
0.900730
0.958812
1.003983
0.953183
0.771461
0.577646
0.370232
0.211670
0.133287
0.068687
0.043630
0.029614
0.020675
0.018383
0.016661
0.017179
0.015887
0.016194
0.014225
0.444982
0.453548
0.477927
0.509533
0.555378
0.611831
0.639464
0.661921
0.666933
0.656765
0.688792
0.725299
0.806540
0.864754
0.886057
0.825993
0.699116
0.503504
0.340253
0.192500
0.111776
0.067004
0.039286
0.024517
0.019034
0.015993
0.016476
0.011505
0.013934
0.014187
0.012252
0.433251
0.420152
0.430828
0.461610
0.481807
0.546459
0.583475
0.598151
0.610589
0.587420
0.613733
0.669455
0.719147
0.777336
0.816899
0.741661
0.622894
0.451515
0.298575
0.161827
0.102916
0.055379
0.034731
0.023316
0.019678
0.014746
0.012694
0.014837
0.011832
0.012509
0.010516
0.388998
0.401663
0.392724
0.437445
0.454466
0.510859
0.543548
0.561948
0.540999
0.555990
0.561956
0.604468
0.662002
0.731666
0.728463
0.705594
0.586655
0.408603
0.261349
0.154272
0.092240
0.053452
0.031948
0.023791
0.017476
0.013809
0.011728
0.010537
0.012657
0.008517
0.012763
0.352742
0.370308
0.359920
0.412489
0.416172
0.478282
0.505101
0.544609
0.518859
0.517595
0.531609
0.562799
0.627974
0.672503
0.721653
0.664595
0.544442
0.389845
0.252894
0.147207
0.089837
0.051446
0.026859
0.020643
0.017749
0.011733
0.011576
0.011167
0.010514
0.007992
0.009988
0.348105
0.343994
0.378378
0.399275
0.410044
0.466699
0.492853
0.482011
0.529012
0.490872
0.517330
0.542610
0.601541
0.651588
0.679288
0.639114
0.521375
0.373077
0.238644
0.138375
0.083216
0.043645
0.031468
0.017427
0.017254
0.011261
0.012136
0.008320
0.011447
0.011898
0.011053
0.332970
0.339509
0.347503
0.372051
0.408712
0.452403
0.496957
0.488760
0.498085
0.474571
0.487436
0.531835
0.580098
0.631445
0.657250
0.597159
0.496041
0.365996
0.238300
0.135121
0.084729
0.044518
0.026023
0.019126
0.014605
0.012241
0.008641
0.008492
0.009786
0.010523
0.009699
0.327555
0.327560
0.333962
0.356956
0.380960
0.451669
0.456117
0.474265
0.487711
0.465497
0.481777
0.525669
0.584386
0.628479
0.624488
0.606448
0.500062
0.354877
0.225033
0.130753
0.085311
0.045689
0.027238
0.017048
0.013191
0.013198
0.009176
0.008559
0.009104
0.009146
0.008713
0.324370
0.327950
0.339721
0.357224
0.376903
0.437218
0.467720
0.474632
0.482178
0.468644
0.471130
0.520927
0.567093
0.608748
0.625150
0.601644
0.489676
0.349393
0.236083
0.131915
0.079674
0.047441
0.026382
0.019155
0.014510
0.013291
0.011655
0.010446
0.011533
0.010161
0.009253
0.311548
0.330194
0.341477
0.359059
0.388362
0.427303
0.456169
0.471419
0.472362
0.462008
0.475941
0.535142
0.569489
0.612222
0.642242
0.593179
0.495772
0.342174
0.231658
0.131869
0.078152
0.047021
0.026692
0.017009
0.012850
0.010373
0.011338
0.007252
0.012939
0.006980
0.011528
0.323605
0.316613
0.354924
0.361255
0.392818
0.436617
0.471809
0.474817
0.477770
0.454042
0.473640
0.516221
0.560335
0.604021
0.645070
0.594198
0.478558
0.342005
0.235365
0.130198
0.083738
0.044826
0.025457
0.015954
0.014251
0.012876
0.008137
0.008885
0.010718
0.009291
0.008999
0.314865
0.331753
0.341089
0.382840
0.405782
0.443861
0.450971
0.500596
0.478326
0.463824
0.470028
0.525697
0.565589
0.619618
0.642637
0.607162
0.498559
0.354076
0.235153
0.131446
0.080155
0.044916
0.030772
0.016802
0.015202
0.012178
0.010544
0.010207
0.008776
0.009160
0.008360
0.004113
0.004485
0.002967
0.005009
0.002712
0.005696
0.003934
0.002632
0.003187
0.006789
0.007195
0.008801
0.010295
0.011247
0.014768
0.013646
0.014498
0.016413
0.016815
0.018863
0.026057
0.031690
0.034896
0.033773
0.036091
0.034597
0.028745
0.018943
0.013801
0.010356
0.006470
0.004510
0.004201
0.004064
0.004508
0.002859
0.002418
0.005601
0.006118
0.007745
0.008865
0.006941
0.011289
0.010998
0.014152
0.015054
0.014944
0.015067
0.018889
0.023004
0.025617
0.029084
0.038841
0.042790
0.045585
0.040955
0.038274
0.032089
0.024265
0.020786
0.010901
0.008324
0.007610
0.005033
0.005244
0.004480
0.004558
0.006011
0.006702
0.009289
0.006235
0.008706
0.011732
0.012010
0.014868
0.017163
0.018050
0.020524
0.023309
0.023780
0.027447
0.031677
0.038468
0.042978
0.056726
0.057406
0.050753
0.045933
0.041020
0.029267
0.025175
0.015967
0.011700
0.006555
0.007455
0.005830
0.005926
0.007619
0.006794
0.006546
0.007982
0.009902
0.010897
0.013321
0.017297
0.020435
0.023356
0.023516
0.027303
0.026999
0.031453
0.036169
0.040542
0.052792
0.059492
0.063793
0.067440
0.066745
0.060080
0.046341
0.040395
0.028315
0.022361
0.013329
0.009700
0.010243
0.008481
0.006355
0.009792
0.008494
0.009700
0.010765
0.012480
0.013824
0.017727
0.024174
0.027007
0.030927
0.034264
0.033757
0.040539
0.040391
0.044743
0.053983
0.065003
0.079378
0.090000
0.093333
0.086556
0.083731
0.071779
0.054068
0.039468
0.032024
0.020317
0.015599
0.013786
0.010499
0.012996
0.010556
0.012870
0.012856
0.014079
0.016683
0.020373
0.022607
0.031177
0.037398
0.038982
0.046576
0.047772
0.050371
0.054322
0.067541
0.074398
0.092131
0.111844
0.122586
0.135867
0.121467
0.110039
0.094572
0.067845
0.054067
0.039973
0.025571
0.018395
0.016040
0.013052
0.015405
0.017957
0.019716
0.016896
0.023005
0.025676
0.029946
0.036159
0.042821
0.050346
0.056328
0.065089
0.064165
0.073501
0.080341
0.093385
0.113295
0.132809
0.153681
0.179425
0.183483
0.182698
0.156876
0.127097
0.106651
0.081493
0.059072
0.035817
0.020414
0.020665
0.017680
0.021698
0.021186
0.025170
0.022732
0.026335
0.028932
0.037980
0.049612
0.060891
0.068617
0.080964
0.091787
0.097697
0.100746
0.115019
0.129103
0.158041
0.186213
0.221315
0.246529
0.264179
0.254053
0.229312
0.195931
0.144009
0.109621
0.077971
0.053947
0.038345
0.033248
0.032020
0.032817
0.032780
0.037645
0.038359
0.043605
0.045386
0.057933
0.079075
0.093821
0.103208
0.123574
0.131560
0.145258
0.152198
0.164109
0.194403
0.234128
0.284280
0.344898
0.380023
0.386427
0.381019
0.347441
0.277099
0.219149
0.162479
0.120644
0.077187
0.052526
0.052543
0.045139
0.040041
0.051369
0.051633
0.054955
0.066231
0.067513
0.080973
0.113424
0.133007
0.154836
0.175848
0.195340
0.210759
0.218317
0.233444
0.283084
0.345400
0.410674
0.514281
0.557219
0.590853
0.576196
0.509225
0.428185
0.330977
0.250027
0.178549
0.121609
0.080041
0.070897
0.065331
0.063145
0.069350
0.069858
0.080676
0.086542
0.097636
0.119418
0.155355
0.190485
0.232893
0.254946
0.290968
0.297131
0.327669
0.340163
0.386696
0.489018
0.601638
0.723989
0.817692
0.842352
0.846302
0.727507
0.621127
0.492539
0.359715
0.254201
0.182386
0.106599
0.097747
0.095975
0.088550
0.092588
0.104933
0.109753
0.129340
0.149089
0.178479
0.225944
0.275375
0.319418
0.359145
0.406308
0.432887
0.452886
0.491796
0.572486
0.696686
0.856209
1.036659
1.151854
1.242842
1.205635
1.050789
0.888516
0.699870
0.533395
0.381969
0.259730
0.154557
0.134176
0.127257
0.130005
0.127361
0.137704
0.150200
0.167060
0.185007
0.229414
0.291451
0.354866
0.436664
0.492072
0.540416
0.580728
0.623743
0.645784
0.761349
0.930149
1.129243
1.410343
1.540742
1.639660
1.633843
1.440485
1.178238
0.906119
0.714050
0.494315
0.342760
0.194943
0.173013
0.163175
0.164376
0.171152
0.190278
0.190122
0.216856
0.242733
0.310954
0.379646
0.461005
0.558070
0.655216
0.714900
0.746858
0.785226
0.865963
0.984581
1.202431
1.476481
1.778670
2.038553
2.121053
2.103228
1.887897
1.572343
1.202062
0.960971
0.663197
0.460978
0.248131
0.217791
0.207301
0.206417
0.205769
0.214782
0.243430
0.271247
0.300205
0.379349
0.469231
0.575918
0.709817
0.807193
0.882858
0.926472
0.978773
1.077099
1.220810
1.491907
1.823904
2.203653
2.545364
2.651854
2.618736
2.307167
1.946670
1.552137
1.175513
0.833066
0.571895
0.293772
0.260051
0.238409
0.247990
0.255798
0.264597
0.290645
0.320025
0.380293
0.450913
0.568783
0.707120
0.836526
0.963741
1.073092
1.127683
1.178302
1.265359
1.456103
1.789470
2.173743
2.693900
3.020828
3.178116
3.161756
2.835515
2.377308
1.868414
1.392030
1.015479
0.693316
0.339015
0.302585
0.284012
0.272353
0.284336
0.302993
0.327541
0.369642
0.413107
0.507785
0.634164
0.787206
0.958769
1.109109
1.227549
1.287145
1.358767
1.469355
1.670877
2.005915
2.487281
2.992574
3.462020
3.660877
3.604794
3.227100
2.740045
2.122512
1.670615
1.154537
0.789276
0.378393
0.334713
0.297359
0.311373
0.320749
0.330703
0.359964
0.399248
0.455719
0.555504
0.698638
0.854347
1.048579
1.196591
1.309775
1.409910
1.452042
1.591339
1.793540
2.184366
2.701784
3.238856
3.689227
3.915088
3.866540
3.541387
2.945842
2.323622
1.767580
1.275281
0.865318
0.380127
0.333380
0.314878
0.316258
0.334149
0.349903
0.378564
0.413247
0.481932
0.586235
0.712928
0.898033
1.099923
1.240393
1.381212
1.462822
1.519932
1.646768
1.877637
2.261630
2.822411
3.447072
3.916157
4.084598
4.100099
3.669356
3.072753
2.438439
1.901742
1.336271
0.909977
0.399242
0.346490
0.331128
0.313495
0.319595
0.355363
0.390500
0.419304
0.476037
0.592022
0.715821
0.894738
1.104372
1.241753
1.391094
1.482554
1.556134
1.675746
1.871090
2.267949
2.784557
3.382314
3.896844
4.115886
4.095553
3.692506
3.053368
2.439998
1.875805
1.330854
0.910067
0.383251
0.329638
0.318637
0.299174
0.317862
0.345149
0.373192
0.411074
0.473532
0.568877
0.697485
0.860352
1.047375
1.219221
1.334720
1.407393
1.475472
1.593461
1.806925
2.174358
2.680861
3.255886
3.722630
3.949801
3.966650
3.524234
2.988704
2.325136
1.845233
1.312855
0.894623
0.362650
0.310384
0.286261
0.292721
0.309822
0.316793
0.349442
0.386678
0.430618
0.525095
0.637989
0.812281
0.989268
1.125715
1.257453
1.330808
1.380980
1.496298
1.712138
2.034912
2.537798
3.032107
3.475343
3.668003
3.658237
3.312749
2.735607
2.214051
1.664971
1.196260
0.835408
0.338188
0.279249
0.261768
0.272273
0.263099
0.290408
0.316024
0.349840
0.398736
0.487275
0.593860
0.722221
0.906927
1.036618
1.147955
1.212759
1.254663
1.381408
1.537625
1.865885
2.278062
2.735871
3.176518
3.329105
3.367339
3.015705
2.552828
2.001818
1.514955
1.108191
0.779728
0.291828
0.258704
0.243743
0.233275
0.250067
0.256535
0.277297
0.311477
0.357401
0.425270
0.520014
0.645795
0.787596
0.912724
1.024825
1.066982
1.130451
1.197823
1.358295
1.643495
2.037823
2.471333
2.824977
3.006855
2.976305
2.666067
2.255286
1.783715
1.376278
0.974405
0.671882
0.258715
0.214982
0.202376
0.199225
0.209190
0.231561
0.256584
0.267449
0.310201
0.377029
0.447960
0.565857
0.684409
0.780593
0.900422
0.938277
0.989828
1.036119
1.201566
1.422673
1.772266
2.186669
2.446471
2.572186
2.596875
2.328401
1.975106
1.549534
1.197351
0.853285
0.596135
0.215042
0.186229
0.180345
0.173989
0.180671
0.202502
0.213734
0.236988
0.267291
0.322438
0.389237
0.497350
0.598442
0.689887
0.760496
0.820132
0.854730
0.920860
1.059039
1.249020
1.542962
1.876697
2.121399
2.215686
2.261001
2.029584
1.711410
1.361188
1.062245
0.743891
0.514764
0.191025
0.155039
0.150859
0.148740
0.157681
0.170720
0.184351
0.210395
0.227669
0.270786
0.346735
0.423325
0.522540
0.599118
0.672344
0.702513
0.725334
0.797615
0.884983
1.068105
1.334811
1.616109
1.804617
1.915951
1.949573
1.756920
1.461691
1.150651
0.908514
0.652660
0.452815
0.160108
0.140626
0.130269
0.126245
0.135954
0.147742
0.158376
0.173226
0.190239
0.236828
0.288021
0.359804
0.439046
0.504269
0.577109
0.600269
0.628880
0.682259
0.765201
0.917081
1.133389
1.351943
1.563341
1.646662
1.654534
1.489070
1.266488
0.997284
0.764069
0.545848
0.371618
0.141118
0.122772
0.119574
0.117106
0.120268
0.123401
0.141435
0.156528
0.170176
0.205726
0.249913
0.309458
0.379316
0.435348
0.478279
0.521018
0.542169
0.579049
0.655929
0.792006
0.957748
1.180130
1.334270
1.414439
1.418720
1.284821
1.074315
0.846940
0.658340
0.473728
0.323834
0.121891
0.111091
0.100690
0.094800
0.104444
0.103761
0.118474
0.120793
0.143721
0.177074
0.221788
0.275298
0.331249
0.367939
0.411869
0.445902
0.467165
0.508726
0.575989
0.686113
0.858443
1.018525
1.164731
1.212366
1.249120
1.114581
0.946005
0.750525
0.574001
0.410993
0.295692
0.103161
0.092558
0.092186
0.086124
0.081095
0.096320
0.102658
0.110702
0.132770
0.155829
0.187016
0.231705
0.279043
0.326849
0.368386
0.379662
0.402733
0.440597
0.495882
0.586957
0.735315
0.902766
0.996508
1.052077
1.068706
0.965250
0.815759
0.634045
0.491413
0.360361
0.246237
0.088439
0.078267
0.078669
0.077966
0.076187
0.084916
0.093461
0.099422
0.113907
0.126928
0.161415
0.205321
0.248513
0.280669
0.317094
0.338890
0.349911
0.387168
0.435229
0.518020
0.638489
0.759660
0.880562
0.931812
0.924509
0.851189
0.715705
0.572030
0.437699
0.313293
0.220765
0.082596
0.070301
0.067958
0.071868
0.068294
0.074659
0.078138
0.088992
0.097392
0.122223
0.143155
0.185970
0.220165
0.253998
0.276192
0.299536
0.317321
0.328566
0.377622
0.455877
0.579540
0.688115
0.778112
0.820732
0.838107
0.742796
0.632867
0.494876
0.391296
0.278044
0.192375
0.068636
0.063924
0.062473
0.058287
0.058876
0.063991
0.071784
0.077029
0.093619
0.102063
0.123889
0.160469
0.195604
0.218467
0.250626
0.260975
0.287200
0.298857
0.343074
0.413130
0.509506
0.610568
0.698793
0.738239
0.755155
0.686786
0.566603
0.443342
0.348304
0.253964
0.166540
0.066393
0.055709
0.054431
0.049094
0.051502
0.058662
0.062652
0.072621
0.083142
0.089817
0.116407
0.145279
0.169832
0.208981
0.226892
0.246903
0.243101
0.263320
0.312483
0.369907
0.464476
0.551460
0.632604
0.657733
0.660095
0.601220
0.508510
0.393194
0.310016
0.221502
0.160656
0.055878
0.050495
0.050357
0.047726
0.049750
0.052833
0.058921
0.062450
0.072625
0.089836
0.106425
0.130895
0.165690
0.178957
0.208122
0.222433
0.229971
0.249938
0.286500
0.333368
0.412341
0.509643
0.576659
0.583000
0.608011
0.546454
0.454944
0.355835
0.285891
0.195588
0.145398
0.053824
0.048387
0.047660
0.041750
0.040875
0.048072
0.049659
0.058284
0.065804
0.080589
0.097708
0.114670
0.147293
0.168358
0.186215
0.200764
0.213064
0.225422
0.258439
0.317368
0.391528
0.474780
0.537714
0.564904
0.566549
0.514072
0.432789
0.339698
0.254099
0.190857
0.126063
0.051001
0.045618
0.041101
0.045228
0.043631
0.048190
0.048327
0.059394
0.063410
0.077276
0.093856
0.113924
0.141871
0.161798
0.176505
0.184081
0.198627
0.213605
0.243222
0.295951
0.353868
0.436681
0.501113
0.527141
0.527723
0.467484
0.404840
0.311544
0.246576
0.176651
0.127053
0.045675
0.042750
0.042405
0.041263
0.042895
0.047257
0.044030
0.051814
0.053686
0.070400
0.086242
0.107572
0.134292
0.155386
0.173745
0.177271
0.191897
0.210903
0.231514
0.277083
0.338561
0.418332
0.477380
0.486632
0.503253
0.454439
0.379242
0.298640
0.241218
0.166728
0.119666
0.048112
0.042251
0.037500
0.035923
0.041982
0.041541
0.047700
0.049478
0.058810
0.069628
0.080298
0.106877
0.129926
0.145515
0.160129
0.174109
0.183110
0.200144
0.229165
0.272144
0.337347
0.393279
0.448953
0.492002
0.482422
0.416689
0.357725
0.291126
0.226294
0.163641
0.113501
0.044232
0.044545
0.037381
0.038489
0.044302
0.037966
0.044096
0.050827
0.060080
0.066256
0.083909
0.106518
0.126655
0.143118
0.160860
0.173420
0.177464
0.195600
0.215563
0.267287
0.320323
0.398967
0.457701
0.467941
0.475075
0.429223
0.357267
0.277297
0.214564
0.153639
0.101684
0.046916
0.040746
0.038696
0.037388
0.039709
0.040401
0.041955
0.048827
0.059300
0.068450
0.085314
0.104370
0.127724
0.138898
0.164480
0.175164
0.182711
0.193409
0.217873
0.258744
0.328811
0.396964
0.444376
0.474991
0.468938
0.419748
0.343604
0.292907
0.220762
0.158070
0.107496
0.045399
0.039368
0.034893
0.040205
0.040956
0.043256
0.047542
0.052472
0.055415
0.067817
0.084288
0.106681
0.122358
0.145139
0.158583
0.178623
0.175978
0.192061
0.211005
0.267398
0.331491
0.396489
0.444617
0.463118
0.468365
0.413375
0.349999
0.283325
0.214669
0.159963
0.109602
0.051255
0.040858
0.033274
0.037664
0.037161
0.039135
0.042978
0.049617
0.055852
0.071719
0.081148
0.103804
0.130619
0.147576
0.162709
0.168072
0.188784
0.197035
0.225461
0.265192
0.321129
0.401453
0.453585
0.472338
0.480237
0.433711
0.360022
0.284511
0.219620
0.163695
0.111901
0.048107
0.040707
0.040458
0.038017
0.041244
0.042794
0.041375
0.048916
0.059331
0.071148
0.084127
0.104527
0.130017
0.146482
0.168748
0.173357
0.184737
0.200131
0.220283
0.275869
0.339743
0.403746
0.455764
0.495703
0.491605
0.429283
0.372497
0.280192
0.220368
0.162713
0.105888
0.044946
0.044535
0.035046
0.038821
0.040405
0.042981
0.045417
0.052758
0.060924
0.072290
0.089814
0.105657
0.129494
0.149422
0.157722
0.182059
0.183107
0.203371
0.220259
0.274351
0.332091
0.400491
0.454525
0.487920
0.490677
0.447409
0.367941
0.286714
0.229238
0.161081
0.108998
0.048416
0.044664
0.038080
0.037528
0.040875
0.042466
0.045122
0.054805
0.061911
0.072101
0.087025
0.103491
0.131463
0.154125
0.159661
0.177668
0.185302
0.193847
0.233952
0.273383
0.327460
0.406726
0.452276
0.488919
0.489635
0.435211
0.369636
0.291620
0.218010
0.164128
0.109644
0.048874
0.043015
0.040518
0.044144
0.041209
0.038876
0.042077
0.051947
0.058375
0.067733
0.087558
0.108750
0.131688
0.153941
0.165432
0.180186
0.183896
0.197572
0.224367
0.270079
0.331954
0.413485
0.469820
0.499417
0.495955
0.435258
0.369216
0.298520
0.222779
0.162546
0.114826
0.050344
0.040988
0.039477
0.042522
0.039997
0.041747
0.045720
0.053426
0.059296
0.067105
0.086981
0.108534
0.132141
0.152673
0.155544
0.168243
0.178504
0.201676
0.223117
0.270966
0.344086
0.413096
0.460061
0.484110
0.487968
0.438178
0.369266
0.294225
0.224247
0.146848
0.112772
0.042834
0.044037
0.036509
0.039094
0.037501
0.042998
0.040987
0.050875
0.055953
0.070760
0.080439
0.104844
0.129037
0.150431
0.168508
0.173834
0.181321
0.190087
0.219013
0.260698
0.328711
0.397999
0.451908
0.473882
0.482288
0.421136
0.363559
0.284037
0.220948
0.156280
0.109962
0.043682
0.038368
0.036475
0.038392
0.034881
0.040141
0.045523
0.045622
0.054348
0.068036
0.079998
0.101186
0.118154
0.139886
0.157686
0.160194
0.175219
0.186820
0.210394
0.260610
0.309582
0.383505
0.432632
0.458004
0.456864
0.420271
0.350107
0.278480
0.211918
0.153172
0.097982
0.184600
0.186151
0.191859
0.197044
0.193512
0.208835
0.228127
0.260493
0.289885
0.330465
0.382741
0.434002
0.489342
0.539831
0.611917
0.682255
0.747568
0.793219
0.798945
0.777486
0.734268
0.674105
0.571981
0.463741
0.365446
0.250431
0.159845
0.102663
0.066615
0.038204
0.022147
0.256217
0.268187
0.267559
0.280044
0.272338
0.288966
0.312778
0.349986
0.389197
0.463166
0.514063
0.584286
0.657649
0.743789
0.869483
0.977378
1.085422
1.147068
1.147370
1.134398
1.085094
0.968300
0.825791
0.663227
0.522688
0.357660
0.232947
0.141787
0.088913
0.055030
0.032371
0.363844
0.364708
0.367340
0.369527
0.382575
0.401938
0.431127
0.472100
0.534219
0.604097
0.695262
0.787827
0.893124
1.011968
1.188152
1.366359
1.513456
1.606873
1.631976
1.593123
1.522667
1.391659
1.169353
0.945304
0.745647
0.502982
0.322263
0.202350
0.126471
0.072621
0.046286
0.516259
0.522280
0.525447
0.519814
0.529272
0.558211
0.595870
0.668087
0.749019
0.855399
0.966784
1.092524
1.242512
1.404900
1.671532
1.909891
2.160487
2.306757
2.342322
2.306666
2.184631
1.990204
1.692690
1.347860
1.056306
0.740090
0.473271
0.288134
0.185777
0.106995
0.071490
0.714779
0.722188
0.729770
0.732854
0.748952
0.782076
0.841966
0.931047
1.036642
1.164142
1.324284
1.501667
1.711694
1.949633
2.326887
2.701635
3.016525
3.215699
3.283704
3.213666
3.103340
2.822053
2.391719
1.913823
1.530254
1.044930
0.671374
0.410894
0.255814
0.153152
0.097511
0.964741
0.967929
0.976548
0.967499
0.990457
1.032545
1.116392
1.224792
1.345851
1.540176
1.723648
1.958794
2.250909
2.582678
3.038564
3.568036
3.992395
4.271030
4.385760
4.351917
4.139603
3.744657
3.189245
2.562494
2.067752
1.397778
0.916425
0.550536
0.351449
0.210273
0.134400
1.219341
1.229734
1.235006
1.234337
1.243096
1.298094
1.408742
1.548769
1.703375
1.941408
2.172741
2.477489
2.832442
3.250272
3.904882
4.503446
5.069260
5.472307
5.583576
5.486290
5.280670
4.797165
4.110460
3.329943
2.628178
1.807389
1.181699
0.719300
0.439672
0.272536
0.170514
1.438163
1.471977
1.477036
1.463684
1.507083
1.563187
1.662986
1.829329
2.038925
2.299124
2.575055
2.933890
3.355176
3.845804
4.528284
5.358115
6.030867
6.486110
6.640421
6.580202
6.342449
5.794993
4.946007
3.991701
3.176151
2.180315
1.436564
0.871875
0.542201
0.329451
0.206130
1.651331
1.685056
1.700848
1.699524
1.706118
1.797224
1.912920
2.086815
2.323211
2.619678
2.949586
3.346869
3.845031
4.384556
5.234883
6.111479
6.893285
7.411871
7.601614
7.570655
7.264574
6.680366
5.718392
4.605545
3.701073
2.534292
1.661948
1.018103
0.636440
0.380516
0.240276
1.820108
1.823414
1.857576
1.840638
1.851852
1.926850
2.073151
2.257171
2.508560
2.820012
3.177380
3.640151
4.131691
4.730711
5.611447
6.606118
7.425939
8.073844
8.246896
8.212718
7.950959
7.248586
6.231211
5.058550
4.039735
2.788944
1.831540
1.118378
0.700293
0.417955
0.257929
1.861601
1.872254
1.899084
1.879036
1.911651
1.963032
2.145744
2.318207
2.575523
2.904250
3.253226
3.711857
4.270245
4.917882
5.762210
6.752567
7.626982
8.183238
8.520015
8.487579
8.250203
7.512153
6.441762
5.267360
4.213219
2.913530
1.922208
1.165576
0.741526
0.442543
0.272557
1.813286
1.853991
1.875802
1.871544
1.888308
1.936158
2.085747
2.298340
2.520241
2.829248
3.169222
3.644173
4.157248
4.762291
5.689537
6.638373
7.488256
8.074409
8.364071
8.346523
8.066414
7.371171
6.440415
5.199450
4.189938
2.913235
1.907815
1.195361
0.746375
0.434931
0.270671
1.738675
1.752250
1.773617
1.774378
1.786449
1.843227
1.991193
2.161592
2.366419
2.683210
2.998425
3.428903
3.945633
4.513827
5.343559
6.265485
7.104095
7.647868
7.912455
7.878694
7.703800
7.022118
6.127781
4.946126
4.010879
2.775670
1.821860
1.137674
0.715672
0.420250
0.257848
1.587199
1.582140
1.608517
1.617584
1.624472
1.683098
1.811273
1.984764
2.169729
2.439468
2.735929
3.143709
3.602071
4.115329
4.850236
5.663124
6.467914
7.051411
7.172215
7.274222
7.045106
6.498338
5.566718
4.542975
3.681502
2.547434
1.703418
1.029157
0.652098
0.398555
0.236521
1.410722
1.419440
1.467474
1.438016
1.425822
1.507108
1.588748
1.731026
1.925669
2.160368
2.427776
2.771947
3.186292
3.667627
4.307410
5.060075
5.738449
6.217272
6.387645
6.464310
6.257779
5.738892
4.989460
4.036265
3.287136
2.312414
1.513386
0.943735
0.588437
0.349535
0.219996
1.217697
1.224940
1.238933
1.240459
1.247582
1.290833
1.386066
1.530114
1.672387
1.858783
2.121093
2.436777
2.806084
3.153885
3.737640
4.393869
4.933188
5.332758
5.618223
5.537190
5.449137
5.036865
4.317833
3.537633
2.870144
2.029030
1.317738
0.809213
0.519228
0.306237
0.182574
1.045747
1.074423
1.083392
1.064922
1.061316
1.121868
1.175736
1.292239
1.432276
1.620324
1.782941
2.081830
2.374805
2.707968
3.188928
3.715996
4.210951
4.569930
4.748248
4.741686
4.691102
4.273648
3.728798
3.042604
2.474545
1.730211
1.147260
0.704930
0.449529
0.270859
0.162925
0.885673
0.920033
0.919932
0.916542
0.915711
0.956445
1.022447
1.129297
1.238100
1.371427
1.554328
1.775403
2.039786
2.333411
2.736847
3.207277
3.585069
3.907119
4.082759
4.097821
4.024678
3.679561
3.212336
2.565395
2.112731
1.488429
0.976846
0.605947
0.391773
0.230186
0.140288
0.752939
0.765117
0.769779
0.776478
0.773122
0.807846
0.867068
0.943628
1.056262
1.174274
1.314735
1.503818
1.724792
1.969025
2.296328
2.691071
3.023461
3.313950
3.439299
3.458398
3.398153
3.107592
2.710493
2.207606
1.796303
1.270689
0.836339
0.513857
0.328304
0.196541
0.119285
0.630136
0.622727
0.651125
0.659493
0.650341
0.689419
0.730306
0.785114
0.878219
0.979405
1.110777
1.262476
1.443509
1.655871
1.939865
2.267598
2.539083
2.815627
2.878688
2.934583
2.846800
2.652101
2.290347
1.854758
1.523936
1.066025
0.713082
0.438995
0.276188
0.162952
0.100422
0.547378
0.536639
0.560885
0.558885
0.557789
0.567176
0.613595
0.664894
0.758269
0.833648
0.950014
1.095484
1.219228
1.408771
1.661836
1.959266
2.173619
2.367102
2.467656
2.454452
2.422401
2.226570
1.938634
1.577986
1.287600
0.915972
0.592302
0.376113
0.234966
0.140332
0.088348
0.457587
0.468826
0.479659
0.475238
0.474391
0.496978
0.540399
0.578837
0.637610
0.719387
0.816502
0.931783
1.058069
1.207398
1.423392
1.662124
1.866346
2.042485
2.119306
2.120803
2.053686
1.899844
1.657049
1.349177
1.102261
0.781104
0.510430
0.321387
0.202720
0.119747
0.073662
0.400520
0.405487
0.418276
0.413813
0.421758
0.439995
0.468596
0.515573
0.579393
0.643086
0.716701
0.825977
0.941614
1.075825
1.267333
1.470760
1.634571
1.782578
1.859791
1.853199
1.820071
1.678147
1.466730
1.197103
0.973148
0.684947
0.459690
0.281700
0.175368
0.106853
0.061969
0.358651
0.360901
0.375264
0.370943
0.369996
0.388677
0.422462
0.450683
0.508379
0.563081
0.643267
0.724387
0.824942
0.952743
1.112292
1.302627
1.444899
1.567931
1.620523
1.636571
1.607115
1.472152
1.284125
1.050611
0.855468
0.600006
0.396343
0.246745
0.153287
0.093722
0.059809
0.325272
0.323176
0.324421
0.329178
0.328673
0.354329
0.381833
0.413938
0.455894
0.509012
0.579654
0.655598
0.755887
0.842286
0.993215
1.153825
1.320905
1.421810
1.472430
1.456771
1.440619
1.328698
1.152280
0.940144
0.767532
0.539889
0.356186
0.222069
0.139058
0.084601
0.050215
0.300382
0.297652
0.301505
0.299570
0.310250
0.320547
0.336595
0.379404
0.413173
0.464443
0.534105
0.610219
0.687541
0.773732
0.916532
1.063625
1.199502
1.300203
1.346847
1.352173
1.312099
1.220730
1.059648
0.860148
0.700779
0.493731
0.332083
0.197071
0.130928
0.080218
0.049033
0.276865
0.275882
0.284893
0.281360
0.288122
0.297984
0.317169
0.354492
0.394937
0.442029
0.499484
0.563339
0.645604
0.726349
0.864504
0.992555
1.119709
1.210776
1.274675
1.269651
1.229033
1.147368
0.979164
0.805680
0.659359
0.460145
0.299939
0.182912
0.123056
0.073152
0.043198
0.261473
0.263550
0.272291
0.266040
0.268788
0.281265
0.297035
0.338060
0.370554
0.416827
0.477627
0.539926
0.613112
0.692579
0.808192
0.949297
1.060156
1.157833
1.206338
1.197906
1.185637
1.082336
0.931814
0.752237
0.622257
0.435383
0.289241
0.182987
0.114644
0.068644
0.041545
0.251222
0.255808
0.260011
0.267027
0.260988
0.273121
0.300620
0.320433
0.359799
0.394401
0.450511
0.516610
0.592326
0.665894
0.787398
0.910144
1.031703
1.122141
1.158734
1.157456
1.130773
1.040483
0.888083
0.741538
0.595124
0.421585
0.272874
0.172394
0.113263
0.068860
0.042433
0.247473
0.250239
0.253415
0.262858
0.257184
0.268106
0.283954
0.316296
0.347047
0.390035
0.445149
0.509548
0.578062
0.653618
0.779723
0.901958
1.010874
1.092788
1.132875
1.124655
1.105098
1.035739
0.885619
0.718203
0.587737
0.405612
0.281868
0.169790
0.103916
0.061775
0.040676
0.248230
0.248740
0.249392
0.253622
0.260616
0.266990
0.279723
0.306296
0.347079
0.388381
0.440771
0.497875
0.571306
0.653324
0.767546
0.881990
1.003278
1.091531
1.130829
1.125197
1.093088
1.013619
0.869898
0.701187
0.580467
0.403482
0.268221
0.162541
0.106297
0.062674
0.041034
0.245781
0.248599
0.248362
0.255565
0.262526
0.264739
0.283882
0.313422
0.350765
0.386927
0.442880
0.495550
0.572825
0.650685
0.759426
0.887459
0.995400
1.083557
1.124166
1.127695
1.114859
1.015085
0.866833
0.710869
0.585673
0.417972
0.270908
0.170289
0.105774
0.065627
0.041459
0.252719
0.261591
0.255872
0.249830
0.255584
0.268817
0.287222
0.317902
0.348541
0.390743
0.440285
0.507110
0.586361
0.648330
0.775866
0.908869
1.021196
1.104357
1.147508
1.148511
1.103807
1.022834
0.898292
0.729868
0.585504
0.424137
0.271876
0.176256
0.109366
0.060109
0.037748
0.251755
0.248627
0.262492
0.273059
0.270373
0.277313
0.292119
0.315629
0.351359
0.395771
0.449751
0.510113
0.580948
0.662803
0.785574
0.919700
1.025885
1.123442
1.152440
1.170807
1.121993
1.047698
0.905831
0.742511
0.605374
0.423660
0.287764
0.173091
0.115049
0.071180
0.042223
0.255102
0.263958
0.267598
0.267033
0.270639
0.278109
0.290362
0.326474
0.359942
0.402267
0.448069
0.518282
0.589316
0.670457
0.792355
0.929987
1.034396
1.134935
1.184637
1.187108
1.146469
1.045701
0.918071
0.746279
0.609319
0.424809
0.285816
0.172703
0.107779
0.068130
0.039980
0.262814
0.266845
0.268761
0.268108
0.271111
0.276153
0.301371
0.325220
0.353369
0.402883
0.455129
0.515382
0.595574
0.685637
0.811348
0.936143
1.061231
1.158487
1.198199
1.199931
1.173600
1.067310
0.932722
0.771061
0.625434
0.429762
0.290071
0.179288
0.114710
0.074411
0.041649
0.266139
0.262194
0.269039
0.272524
0.274153
0.283633
0.296749
0.329119
0.363773
0.415172
0.475868
0.522692
0.603417
0.699267
0.813198
0.953727
1.078735
1.186027
1.226511
1.218034
1.201878
1.095641
0.960091
0.784062
0.640951
0.445358
0.303058
0.184113
0.115508
0.069744
0.041521
0.267661
0.269907
0.276980
0.282887
0.278714
0.290279
0.309313
0.330528
0.367643
0.415817
0.474793
0.534130
0.610658
0.701057
0.827191
0.982277
1.105976
1.197796
1.228048
1.253322
1.213473
1.131214
0.985830
0.810038
0.649665
0.453830
0.299474
0.190086
0.119903
0.069819
0.046342
0.278405
0.279496
0.275856
0.279926
0.284473
0.288483
0.305494
0.337878
0.370976
0.415278
0.475117
0.541364
0.616336
0.723987
0.843879
0.973826
1.106472
1.212603
1.253683
1.262722
1.235115
1.138122
0.987646
0.806285
0.659732
0.463162
0.314997
0.191401
0.123838
0.070358
0.046146
0.280842
0.277516
0.284996
0.280094
0.276203
0.288269
0.311385
0.342079
0.377991
0.423683
0.472844
0.549347
0.622771
0.714844
0.839405
0.988426
1.115888
1.219637
1.264220
1.281190
1.249264
1.149738
1.011998
0.831300
0.675874
0.464243
0.307678
0.193623
0.124657
0.071805
0.044773
0.285306
0.283885
0.282681
0.279463
0.284259
0.293900
0.306235
0.345521
0.379812
0.420939
0.474510
0.555325
0.623757
0.715450
0.839316
0.984660
1.110110
1.233326
1.266838
1.264209
1.245461
1.149203
1.014336
0.826517
0.676553
0.463036
0.314360
0.198079
0.127503
0.074447
0.046680
0.281007
0.278665
0.283163
0.279487
0.282603
0.296739
0.311545
0.340080
0.373112
0.424264
0.481521
0.548178
0.622771
0.705938
0.828457
0.981113
1.110235
1.226857
1.255481
1.272388
1.247942
1.157752
0.992089
0.826018
0.664810
0.471710
0.322491
0.193444
0.127989
0.073298
0.044846
0.273250
0.272218
0.279146
0.279105
0.273308
0.286223
0.307575
0.332017
0.370088
0.419995
0.470132
0.532825
0.608835
0.701837
0.839349
0.964162
1.095736
1.185199
1.242992
1.250909
1.227740
1.127928
0.999183
0.810725
0.670604
0.476077
0.321785
0.194828
0.125500
0.072037
0.044475
0.257410
0.262153
0.271040
0.261381
0.274760
0.274249
0.299123
0.327037
0.355346
0.395968
0.448649
0.521139
0.589719
0.680334
0.805034
0.935902
1.071629
1.154759
1.207955
1.225654
1.193234
1.104207
0.959817
0.799228
0.650390
0.465815
0.302876
0.199016
0.121615
0.072406
0.042329
0.252334
0.259579
0.263277
0.254333
0.259776
0.268609
0.285172
0.307827
0.342443
0.384351
0.431638
0.496194
0.570316
0.641666
0.766448
0.894561
1.002195
1.104223
1.158943
1.162393
1.143090
1.061511
0.924168
0.767663
0.632500
0.444655
0.289082
0.181962
0.121393
0.066849
0.042507
0.245330
0.239337
0.243274
0.240272
0.237872
0.250182
0.275383
0.295019
0.326490
0.364822
0.406966
0.465998
0.530145
0.604644
0.713068
0.838297
0.961338
1.041253
1.081494
1.107318
1.073796
0.997216
0.882441
0.720249
0.594660
0.420847
0.272766
0.177908
0.110177
0.067308
0.041282
0.218727
0.224531
0.224193
0.222739
0.227587
0.231281
0.247111
0.277257
0.296674
0.336879
0.381959
0.431926
0.493587
0.563061
0.666608
0.777532
0.887216
0.970131
1.011966
1.032338
1.010424
0.932454
0.813883
0.673483
0.557478
0.402333
0.267218
0.161770
0.106180
0.059639
0.038826
0.202933
0.209021
0.210001
0.205438
0.204190
0.215963
0.225890
0.250695
0.273442
0.302488
0.346544
0.393031
0.450066
0.515209
0.608553
0.709934
0.807441
0.878654
0.923296
0.935701
0.930354
0.868022
0.753767
0.620052
0.515945
0.372037
0.235261
0.149118
0.099857
0.057797
0.035366
0.185590
0.191764
0.188648
0.181290
0.184499
0.197072
0.209276
0.226292
0.249512
0.278491
0.315891
0.358647
0.411707
0.472525
0.547331
0.645366
0.736296
0.797118
0.831651
0.846967
0.840116
0.779232
0.690952
0.567085
0.466073
0.332645
0.222175
0.135914
0.088398
0.052697
0.033030
0.165347
0.160803
0.166475
0.169042
0.165992
0.174974
0.182286
0.202356
0.221982
0.247189
0.282200
0.318355
0.366209
0.413205
0.490794
0.562205
0.648026
0.715945
0.746643
0.757376
0.742629
0.686875
0.608302
0.509418
0.411208
0.295104
0.200739
0.123625
0.078470
0.049060
0.029608
0.150090
0.150584
0.154002
0.147447
0.150728
0.155462
0.164068
0.185501
0.196533
0.224355
0.247276
0.281024
0.325723
0.369424
0.437747
0.506784
0.572784
0.631464
0.659828
0.669107
0.661678
0.621145
0.537463
0.455123
0.374106
0.265750
0.177319
0.112563
0.071445
0.040044
0.024366
0.006493
0.008959
0.007368
0.011605
0.009526
0.008902
0.012815
0.013502
0.009048
0.009181
0.005782
0.006013
0.003283
0.002487
0.002996
0.001740
0.001166
0.001026
0.001052
-0.000177
0.000770
0.000241
0.000865
0.000808
0.000425
0.001358
0.002096
0.001039
0.001400
-0.001487
0.001257
0.008410
0.010838
0.010320
0.010523
0.009414
0.007150
0.011505
0.009376
0.010119
0.010018
0.008046
0.005131
0.005006
0.002650
0.003133
-0.000116
0.002092
0.000462
0.000535
0.000521
0.000696
0.000217
-0.000062
0.000502
0.000636
0.000724
-0.000393
-0.000113
0.000839
-0.000159
0.002735
0.007305
0.010940
0.012114
0.010419
0.009690
0.008442
0.011506
0.011427
0.008982
0.009647
0.008512
0.006777
0.004436
0.003849
0.002535
0.001082
0.001075
0.001289
0.000379
0.000021
0.000461
0.001645
0.001042
0.000708
0.001105
0.001058
0.000218
0.000622
0.000763
-0.000430
0.001083
0.013409
0.014460
0.010780
0.012607
0.011300
0.009257
0.015365
0.012078
0.011732
0.011494
0.010027
0.007895
0.005704
0.002896
0.001394
0.002542
0.002458
0.001198
0.001585
0.000256
0.000380
0.000801
0.000944
0.000553
0.000959
0.001614
0.000739
0.001066
0.000294
0.001326
0.001521
0.012655
0.009655
0.012995
0.013492
0.011868
0.014583
0.013121
0.016248
0.012430
0.011459
0.010646
0.008726
0.006098
0.004941
0.002417
0.002259
0.001819
0.001024
0.000237
0.000440
-0.000035
-0.000264
-0.000411
0.001593
0.001860
0.000537
0.000209
0.000744
0.000133
0.000353
0.000790
0.012164
0.014338
0.012417
0.013210
0.017420
0.014753
0.015830
0.015348
0.016173
0.014741
0.013646
0.011947
0.008867
0.005772
0.002977
0.000937
0.002026
0.000910
0.001396
0.001411
0.000831
-0.000054
0.000493
0.000644
0.001057
0.001345
0.001303
0.000747
0.001083
0.001888
0.000669
0.014053
0.017488
0.017082
0.016836
0.017237
0.017420
0.020567
0.018561
0.020802
0.018648
0.016131
0.013645
0.010052
0.007678
0.004324
0.002739
0.001357
0.000643
0.000855
0.001098
0.001779
0.000495
0.000762
0.000864
0.001090
0.001272
0.000981
0.002225
-0.000159
0.002557
0.001732
0.018010
0.020625
0.020165
0.021055
0.019189
0.020879
0.026396
0.020235
0.021008
0.020732
0.018622
0.017829
0.010915
0.009689
0.005110
0.002116
0.001740
0.000977
0.000622
0.001279
0.001261
0.001458
0.000998
0.001571
0.000988
0.001860
0.002289
0.000455
0.001133
-0.000159
0.000974
0.022734
0.020728
0.027753
0.025875
0.025126
0.027593
0.028102
0.029940
0.030388
0.023629
0.025708
0.019114
0.016130
0.010705
0.007661
0.003346
0.002010
0.002245
0.001165
0.001659
0.001767
0.002229
0.001000
0.001340
0.001450
0.000546
0.001456
0.002348
0.001662
0.001868
0.001466
0.026717
0.033103
0.035856
0.029072
0.037274
0.034423
0.032886
0.038887
0.038379
0.035312
0.034038
0.024983
0.020347
0.015036
0.008559
0.004847
0.005433
0.002038
0.001949
0.001234
0.002198
0.001762
0.001433
0.001482
0.001373
0.002350
0.002338
0.003728
0.002000
0.001368
0.001776
0.035645
0.043451
0.037620
0.039815
0.045733
0.044177
0.042271
0.046819
0.042044
0.043675
0.040817
0.033559
0.030851
0.019591
0.010870
0.008095
0.005010
0.003407
0.002467
0.002190
0.001860
0.001545
0.000465
0.001396
0.001903
0.001445
0.002249
0.003038
0.004109
0.003740
0.001976
0.050623
0.050262
0.050585
0.062236
0.061509
0.058905
0.068826
0.069106
0.076693
0.068445
0.057661
0.052318
0.035459
0.029387
0.018040
0.013423
0.005993
0.004660
0.002537
0.002214
0.001308
0.003401
0.001803
0.001319
0.002334
0.003208
0.003592
0.004318
0.002565
0.000536
0.002256
0.061590
0.068047
0.073807
0.073367
0.077493
0.079770
0.081856
0.088441
0.088141
0.085798
0.080158
0.069558
0.051985
0.038771
0.024490
0.014300
0.009759
0.004541
0.004551
0.003675
0.004099
0.003133
0.001565
0.003471
0.003493
0.003239
0.004250
0.004252
0.004096
0.003892
0.004194
0.087440
0.087114
0.101322
0.106224
0.109346
0.121202
0.126479
0.120010
0.136460
0.126629
0.113982
0.099694
0.078341
0.055194
0.037199
0.019074
0.014370
0.009269
0.006063
0.005268
0.004716
0.004361
0.004421
0.002777
0.003445
0.003224
0.004279
0.005444
0.005676
0.005157
0.004363
0.114743
0.134416
0.149817
0.156909
0.159456
0.167948
0.170640
0.174476
0.183652
0.170967
0.159838
0.139800
0.114479
0.083939
0.049247
0.030175
0.020592
0.012251
0.008484
0.006027
0.005586
0.006506
0.006863
0.005437
0.006820
0.009158
0.009364
0.007453
0.004954
0.006566
0.008080
0.181976
0.194292
0.205878
0.213430
0.224456
0.234152
0.251005
0.267548
0.266409
0.256502
0.234185
0.202121
0.158811
0.115411
0.070058
0.043569
0.025116
0.017139
0.011552
0.009505
0.006860
0.008431
0.006869
0.007252
0.008518
0.010912
0.011815
0.011273
0.011393
0.012639
0.012106
0.254754
0.278460
0.305591
0.318010
0.336316
0.338348
0.376329
0.390307
0.405127
0.355712
0.341776
0.295374
0.232653
0.170963
0.104254
0.064185
0.038767
0.021205
0.016452
0.013744
0.012053
0.013570
0.010541
0.014583
0.014549
0.011549
0.015255
0.014699
0.016494
0.016154
0.018902
0.372262
0.408691
0.431726
0.454439
0.467173
0.491519
0.500539
0.523247
0.536569
0.516533
0.457047
0.389670
0.310292
0.225989
0.140822
0.082419
0.052301
0.034334
0.024366
0.016898
0.016105
0.016065
0.015652
0.019539
0.020076
0.020985
0.023306
0.021440
0.021784
0.022720
0.024176
0.543757
0.578564
0.620052
0.647976
0.667057
0.699377
0.728514
0.745054
0.752949
0.702779
0.648661
0.540761
0.414474
0.303576
0.186750
0.117199
0.068287
0.049856
0.032519
0.026651
0.026166
0.020225
0.024519
0.025935
0.026581
0.029472
0.032090
0.035632
0.029817
0.035459
0.033596
0.801244
0.869533
0.902619
0.922173
0.962457
0.997856
1.045947
1.080603
1.073785
0.973326
0.892099
0.726068
0.576197
0.404156
0.253188
0.157580
0.097902
0.064598
0.048956
0.041867
0.035994
0.033474
0.034927
0.035334
0.040255
0.045661
0.047289
0.048172
0.051322
0.053292
0.044821
1.122186
1.220544
1.242233
1.337738
1.324178
1.409821
1.421853
1.511144
1.487224
1.343273
1.167125
0.964456
0.730875
0.527895
0.323389
0.207480
0.127734
0.081833
0.065419
0.057966
0.050305
0.045462
0.048155
0.050629
0.056417
0.062208
0.069070
0.069158
0.074840
0.068444
0.072462
1.516511
1.639427
1.729800
1.807163
1.799756
1.861954
1.974542
2.038207
1.905612
1.770502
1.522998
1.284351
0.960872
0.683548
0.430434
0.255526
0.170806
0.115597
0.089517
0.072102
0.068286
0.062790
0.062399
0.072662
0.078846
0.083005
0.091954
0.096838
0.100631
0.101020
0.098146
1.931073
2.040548
2.141017
2.273556
2.331787
2.374754
2.475957
2.607586
2.489638
2.212137
1.919938
1.546899
1.182841
0.827193
0.501353
0.323452
0.211307
0.151091
0.119067
0.091847
0.092000
0.090485
0.084596
0.087123
0.098649
0.112913
0.116984
0.123828
0.131637
0.122399
0.113803
2.458235
2.703338
2.760456
2.836123
2.990040
3.175177
3.203708
3.225647
3.172026
2.721525
2.360455
1.902603
1.460139
1.024754
0.614475
0.389915
0.260834
0.183464
0.141267
0.122875
0.108926
0.102807
0.105270
0.112440
0.128492
0.139617
0.150504
0.166089
0.160352
0.170121
0.160272
3.018353
3.249625
3.399776
3.432825
3.588428
3.703698
3.916315
3.879008
3.739066
3.288511
2.797779
2.262367
1.686048
1.201415
0.726742
0.470045
0.295390
0.219590
0.174751
0.137987
0.130517
0.129960
0.123951
0.145598
0.155759
0.168697
0.189888
0.211409
0.201833
0.203552
0.200657
3.456381
3.712160
3.914240
3.930454
4.055603
4.207489
4.438672
4.448127
4.268565
3.748687
3.135436
2.532158
1.892663
1.316550
0.826098
0.523344
0.341568
0.249177
0.198249
0.163711
0.156186
0.150119
0.148616
0.158670
0.173410
0.213119
0.210918
0.225287
0.244563
0.240664
0.234115
3.798758
4.091034
4.296927
4.298546
4.484670
4.715622
4.813754
4.902857
4.598206
4.089475
3.450412
2.742323
2.068528
1.448504
0.873407
0.558271
0.380182
0.272919
0.201670
0.170754
0.172627
0.157033
0.162218
0.175674
0.195511
0.222460
0.236873
0.247596
0.252760
0.249476
0.233753
3.980139
4.280206
4.449969
4.690904
4.792825
4.950911
4.999563
5.078313
4.878627
4.296917
3.549867
2.934505
2.111391
1.507809
0.887767
0.608581
0.390579
0.273029
0.219257
0.190716
0.173427
0.171233
0.174960
0.177455
0.212617
0.230675
0.254863
0.261909
0.255518
0.264819
0.255132
4.000726
4.330983
4.485925
4.688571
4.658720
4.812188
5.039909
5.157553
4.839678
4.221616
3.601567
2.828991
2.112441
1.484641
0.903359
0.576166
0.390569
0.280661
0.225204
0.188369
0.177566
0.170738
0.171178
0.178434
0.216868
0.232837
0.251545
0.265194
0.274546
0.287591
0.251706
3.818790
4.128003
4.411759
4.496398
4.481437
4.616852
4.853364
4.869469
4.630452
3.975712
3.399650
2.701504
2.011009
1.412244
0.859790
0.561237
0.379669
0.264718
0.215328
0.185648
0.173976
0.161047
0.163479
0.188366
0.193821
0.229171
0.240350
0.262857
0.270257
0.254185
0.246977
3.506558
3.821832
3.977640
4.032104
4.168382
4.304132
4.490048
4.498400
4.270260
3.797926
3.068147
2.464559
1.870448
1.296409
0.783932
0.502491
0.341685
0.254199
0.195922
0.166075
0.162006
0.148290
0.161425
0.163136
0.180119
0.205125
0.217679
0.233482
0.241698
0.248809
0.232284
3.126914
3.363025
3.459160
3.519791
3.673958
3.761105
3.915731
3.972269
3.807553
3.287501
2.728014
2.148800
1.615904
1.145935
0.694633
0.436542
0.294533
0.213605
0.170819
0.152030
0.144871
0.126406
0.134641
0.142286
0.163700
0.176140
0.195655
0.205624
0.196283
0.210077
0.207284
2.674882
2.875989
3.004173
3.069359
3.156453
3.286507
3.357458
3.342379
3.193757
2.711043
2.300410
1.874094
1.386545
0.944378
0.575775
0.384846
0.255418
0.188868
0.141925
0.122765
0.114414
0.114624
0.114464
0.118864
0.147331
0.158160
0.172108
0.184761
0.180045
0.175697
0.174320
2.179186
2.359597
2.489458
2.571074
2.591939
2.678019
2.802955
2.780955
2.683628
2.305723
1.969169
1.566755
1.158492
0.802569
0.492781
0.324431
0.213598
0.161726
0.120258
0.109989
0.105037
0.091358
0.093456
0.100176
0.116338
0.131408
0.144131
0.149314
0.151168
0.146151
0.138013
1.788966
1.940556
2.027001
2.023980
2.092592
2.203691
2.278651
2.286677
2.161912
1.870160
1.572858
1.253163
0.929459
0.664332
0.396998
0.263488
0.171002
0.130986
0.100538
0.083422
0.088402
0.080591
0.075642
0.079138
0.092585
0.101572
0.113750
0.114297
0.125910
0.113471
0.117133
1.435420
1.574275
1.613086
1.700836
1.700843
1.793111
1.796530
1.896242
1.736285
1.476518
1.280262
1.035467
0.749008
0.542084
0.322624
0.210167
0.137963
0.102776
0.083906
0.068810
0.063004
0.057544
0.059592
0.061186
0.077841
0.083066
0.095123
0.099769
0.097588
0.101876
0.099537
1.143131
1.240237
1.278177
1.318445
1.378628
1.407107
1.492998
1.474212
1.458736
1.207580
1.041502
0.853275
0.618961
0.438114
0.265626
0.172539
0.117345
0.083984
0.068954
0.057586
0.053761
0.051804
0.055302
0.054217
0.061236
0.075031
0.080690
0.082718
0.076776
0.079597
0.074012
0.925230
1.016042
1.107486
1.116879
1.151101
1.168528
1.199012
1.216911
1.159349
1.008153
0.844590
0.698292
0.518404
0.357525
0.229722
0.140410
0.092353
0.070759
0.052522
0.046435
0.043555
0.043326
0.043051
0.043811
0.051689
0.057991
0.060969
0.061620
0.063544
0.059603
0.063067
0.836111
0.892254
0.906533
0.968676
0.965393
1.002861
1.064284
1.018780
1.006459
0.868941
0.739529
0.597745
0.441404
0.312786
0.185931
0.125668
0.083900
0.055445
0.044322
0.038582
0.036115
0.032950
0.038724
0.038729
0.048714
0.047738
0.057195
0.052951
0.053206
0.051391
0.054573
0.721866
0.769205
0.806720
0.837905
0.822052
0.865764
0.939104
0.917551
0.867365
0.735750
0.635772
0.503521
0.377412
0.280629
0.168105
0.106003
0.075664
0.050995
0.041657
0.036329
0.034692
0.032049
0.031856
0.032120
0.036967
0.048396
0.042293
0.049075
0.049945
0.045988
0.048059
0.668133
0.694947
0.733467
0.754853
0.766802
0.798957
0.807928
0.844896
0.787285
0.666128
0.583118
0.466489
0.364940
0.252613
0.141307
0.097190
0.062957
0.044273
0.033467
0.033154
0.027325
0.028877
0.029710
0.030543
0.032401
0.038061
0.041463
0.048266
0.047344
0.043934
0.040098
0.581326
0.640326
0.682674
0.699881
0.678917
0.729885
0.730156
0.787275
0.728021
0.616661
0.544810
0.427016
0.329678
0.228316
0.139689
0.094367
0.066719
0.041502
0.035217
0.030104
0.026088
0.024081
0.026589
0.028744
0.032624
0.033678
0.030961
0.041479
0.041425
0.034610
0.037308
0.570147
0.616520
0.644532
0.678664
0.641615
0.693221
0.725555
0.725272
0.700273
0.566778
0.486112
0.404357
0.306620
0.212640
0.129297
0.085025
0.058248
0.040277
0.032526
0.027521
0.025338
0.025262
0.024590
0.024755
0.031874
0.034220
0.032257
0.032625
0.037503
0.043958
0.032652
0.569640
0.596855
0.620704
0.629273
0.659702
0.665617
0.688086
0.695159
0.668057
0.576101
0.488313
0.407068
0.294353
0.208888
0.130602
0.086644
0.054999
0.040010
0.031181
0.025725
0.024243
0.026311
0.025964
0.022960
0.030078
0.029248
0.035654
0.038506
0.032928
0.033944
0.038542
0.539117
0.556248
0.584287
0.613059
0.630088
0.655157
0.667412
0.677790
0.639096
0.565398
0.471624
0.381033
0.282568
0.199156
0.121000
0.073239
0.051392
0.039702
0.030938
0.024242
0.023162
0.020645
0.024337
0.023433
0.027941
0.031592
0.031288
0.035840
0.038679
0.037094
0.036504
0.534410
0.566053
0.576970
0.614116
0.621488
0.658295
0.676233
0.671619
0.625774
0.539756
0.472424
0.378447
0.287492
0.202336
0.113909
0.081881
0.048483
0.039516
0.031640
0.028745
0.025268
0.022329
0.021381
0.027002
0.026647
0.029770
0.032245
0.034127
0.036722
0.034674
0.036794
0.508352
0.576838
0.587666
0.613244
0.628194
0.645255
0.670731
0.670086
0.645138
0.567927
0.464362
0.392161
0.282003
0.205857
0.115645
0.084593
0.052921
0.034503
0.027485
0.023702
0.023467
0.026196
0.022678
0.021823
0.025542
0.030192
0.036426
0.032242
0.040318
0.036598
0.032282
0.542281
0.566022
0.601242
0.603997
0.613261
0.645721
0.676066
0.677001
0.661531
0.559435
0.481872
0.396248
0.284744
0.204837
0.119488
0.082600
0.051748
0.035592
0.033869
0.026620
0.023857
0.020296
0.024131
0.024093
0.025750
0.030703
0.037207
0.036779
0.037917
0.033936
0.033811
0.523485
0.602263
0.582637
0.598763
0.633641
0.647109
0.679796
0.697379
0.650987
0.577155
0.476606
0.379366
0.289175
0.205419
0.122285
0.071737
0.055498
0.035894
0.030428
0.026642
0.020952
0.023389
0.025133
0.025964
0.029642
0.033827
0.029753
0.038049
0.034879
0.037663
0.035569
0.526143
0.562160
0.609147
0.622262
0.619829
0.645115
0.679432
0.700149
0.666805
0.577169
0.462989
0.385826
0.286327
0.206685
0.125947
0.081786
0.052541
0.036544
0.029892
0.026273
0.024557
0.022044
0.023265
0.024037
0.027640
0.034125
0.036062
0.033027
0.036057
0.033960
0.032858
0.551679
0.589003
0.600956
0.599315
0.643360
0.666017
0.680698
0.685336
0.668583
0.574410
0.478554
0.390033
0.285137
0.205943
0.121887
0.076098
0.052681
0.040835
0.030816
0.025590
0.021129
0.022656
0.024167
0.022643
0.027649
0.032946
0.033316
0.036839
0.035762
0.036672
0.033593
0.003592
0.004692
0.004017
0.003939
0.004917
0.006679
0.007311
0.008304
0.006030
0.009667
0.008809
0.008742
0.011517
0.014474
0.015544
0.019773
0.020346
0.018950
0.016247
0.012885
0.009576
0.007389
0.005283
0.003198
0.002719
0.002170
-0.000221
0.000650
-0.000089
0.000027
0.000577
0.005387
0.003365
0.004665
0.004960
0.005256
0.006282
0.008584
0.011288
0.010516
0.008724
0.009913
0.012008
0.011521
0.016731
0.020441
0.023190
0.024830
0.021340
0.016330
0.013452
0.011480
0.007050
0.006791
0.003616
0.002269
0.002413
0.002207
0.000888
0.001359
-0.000427
0.000529
0.004713
0.005506
0.005782
0.007011
0.007900
0.006321
0.010949
0.011361
0.011090
0.011448
0.013010
0.012855
0.015380
0.018121
0.024354
0.026182
0.025954
0.026425
0.022768
0.018781
0.013511
0.012570
0.007099
0.005499
0.003585
0.002913
0.000883
0.001916
0.001366
0.002568
0.000577
0.005389
0.003694
0.005904
0.005720
0.007865
0.010118
0.011150
0.011857
0.012753
0.017232
0.013259
0.015504
0.019996
0.022477
0.028718
0.033407
0.033883
0.029965
0.027391
0.022761
0.017621
0.014107
0.011354
0.006886
0.004314
0.003930
0.003652
0.000403
0.002985
0.000631
0.000846
0.006837
0.008049
0.007256
0.009453
0.008987
0.012434
0.014231
0.013177
0.020081
0.017270
0.017925
0.020741
0.021714
0.027658
0.034429
0.039962
0.041255
0.036775
0.031627
0.027992
0.023392
0.019289
0.014326
0.008459
0.007025
0.003906
0.002643
0.002685
0.001669
0.001524
0.001248
0.008946
0.009050
0.009523
0.009752
0.010354
0.015694
0.017549
0.022248
0.024604
0.023159
0.022699
0.026971
0.028780
0.034482
0.047023
0.050048
0.054574
0.047554
0.044081
0.035896
0.031540
0.021916
0.014835
0.009657
0.007556
0.008327
0.003289
0.003755
0.002396
0.002593
0.001609
0.012998
0.013581
0.012039
0.014326
0.015554
0.019444
0.024725
0.025348
0.026999
0.032778
0.031208
0.033241
0.037899
0.050241
0.062702
0.067544
0.068970
0.064913
0.052420
0.048662
0.037452
0.028728
0.021242
0.016911
0.009352
0.006360
0.005203
0.002436
0.004039
0.002375
0.002292
0.015726
0.016403
0.016837
0.018487
0.021631
0.026345
0.030872
0.036825
0.038332
0.040109
0.043007
0.044313
0.052382
0.063647
0.080544
0.096083
0.095483
0.083077
0.071202
0.059453
0.049979
0.038620
0.025452
0.018642
0.013902
0.009975
0.007155
0.004315
0.005273
0.004306
0.004154
0.021029
0.020042
0.023193
0.028056
0.031652
0.034591
0.044899
0.053157
0.055256
0.053241
0.057131
0.062616
0.069098
0.094637
0.114064
0.131814
0.130325
0.115928
0.102141
0.083351
0.072817
0.052497
0.037897
0.029027
0.019700
0.012513
0.011016
0.006372
0.007541
0.006485
0.004387
0.030143
0.033446
0.036258
0.036880
0.042749
0.052912
0.061609
0.080952
0.087062
0.081855
0.091952
0.097765
0.108307
0.139333
0.170082
0.198713
0.189809
0.173965
0.153309
0.119571
0.097938
0.079213
0.058588
0.033308
0.026063
0.020367
0.013068
0.010768
0.008936
0.006306
0.009024
0.046358
0.048737
0.049223
0.058818
0.068262
0.080037
0.103376
0.118218
0.122157
0.123655
0.124998
0.141470
0.163363
0.198451
0.258914
0.289751
0.284013
0.254551
0.212005
0.172330
0.148070
0.110576
0.076799
0.052086
0.034413
0.027368
0.019875
0.013254
0.009975
0.012110
0.011206
0.074169
0.070845
0.081731
0.087083
0.098154
0.123538
0.150491
0.170906
0.195347
0.182544
0.196793
0.215536
0.247433
0.309920
0.404784
0.461488
0.448594
0.397366
0.327742
0.264382
0.208006
0.156690
0.109554
0.070431
0.054967
0.033008
0.025784
0.021680
0.019677
0.016784
0.017803
0.112866
0.110826
0.117755
0.130116
0.144495
0.183356
0.215667
0.257265
0.274865
0.288962
0.282933
0.312611
0.362949
0.462573
0.596960
0.671743
0.654083
0.579806
0.482516
0.385257
0.324295
0.229698
0.155702
0.107093
0.075147
0.047971
0.034709
0.030984
0.027631
0.024601
0.025225
0.163538
0.176045
0.172987
0.199238
0.231137
0.284052
0.327188
0.382734
0.421447
0.425660
0.438741
0.486269
0.542923
0.689877
0.909045
1.020815
1.007547
0.894153
0.721210
0.580383
0.474669
0.342509
0.235676
0.155288
0.104316
0.075918
0.048337
0.042634
0.041675
0.034778
0.037514
0.229197
0.246198
0.267557
0.295689
0.332758
0.404717
0.496158
0.559991
0.603283
0.607047
0.650772
0.691065
0.814500
1.005693
1.328733
1.496562
1.465123
1.282895
1.039883
0.836973
0.670081
0.496248
0.352257
0.215239
0.149114
0.103202
0.078777
0.068522
0.062247
0.056744
0.054608
0.339420
0.354003
0.387332
0.414362
0.489756
0.576502
0.712248
0.829522
0.875959
0.894997
0.912422
0.999350
1.161413
1.461253
1.872520
2.127953
2.098562
1.830757
1.522390
1.195570
0.958521
0.703118
0.479211
0.308946
0.216546
0.146083
0.108314
0.096837
0.083998
0.073272
0.085163
0.466722
0.487324
0.518863
0.550633
0.642275
0.809423
0.964714
1.106905
1.172979
1.219122
1.260434
1.348469
1.561920
1.969731
2.566150
2.925065
2.826572
2.475368
2.064075
1.609646
1.309085
0.936172
0.649093
0.415676
0.284123
0.197953
0.143763
0.118395
0.118766
0.112822
0.108718
0.605476
0.614164
0.642170
0.719891
0.832991
0.999805
1.231021
1.445094
1.525537
1.529482
1.569167
1.692036
2.003139
2.489843
3.259308
3.679091
3.626633
3.150023
2.522901
2.041945
1.635740
1.168784
0.817132
0.519623
0.362319
0.241912
0.184599
0.160750
0.143013
0.138922
0.138894
0.714559
0.753877
0.776895
0.874752
1.014098
1.235193
1.475765
1.744111
1.827952
1.861569
1.920527
2.057073
2.434262
2.999591
3.964358
4.535769
4.418377
3.841499
3.181962
2.514048
1.988752
1.471653
1.007715
0.638410
0.442282
0.303129
0.218105
0.187438
0.170514
0.165320
0.181543
0.820168
0.874751
0.924161
0.997008
1.144170
1.415716
1.729526
1.985265
2.122410
2.148595
2.200555
2.404708
2.829689
3.484959
4.553571
5.223948
5.115310
4.467129
3.692739
2.915931
2.333368
1.702818
1.163782
0.740748
0.526125
0.345054
0.255438
0.214131
0.204779
0.190742
0.199066
0.883938
0.943385
1.013521
1.092213
1.235432
1.509707
1.846569
2.142569
2.334411
2.329509
2.389151
2.599366
3.027968
3.803036
4.989598
5.646075
5.554424
4.828864
3.974696
3.144003
2.536374
1.863137
1.264622
0.804430
0.561849
0.367576
0.271928
0.235149
0.213603
0.214521
0.215467
0.911004
0.960529
1.031453
1.117283
1.280834
1.558101
1.892444
2.160168
2.380735
2.406609
2.451102
2.646107
3.164439
3.888048
5.069389
5.790280
5.667446
4.941653
4.098750
3.287193
2.612310
1.886249
1.276599
0.820709
0.575717
0.379667
0.277855
0.244118
0.213271
0.213783
0.218102
0.902206
0.944705
0.980435
1.091488
1.225501
1.508663
1.827355
2.180258
2.298306
2.341597
2.377113
2.576415
3.066177
3.774981
4.902223
5.691571
5.495499
4.847771
3.953762
3.190778
2.596268
1.847184
1.277254
0.804077
0.569968
0.385419
0.282816
0.232229
0.214936
0.203786
0.202135
0.828709
0.853244
0.909111
0.994032
1.132389
1.387728
1.679656
1.981121
2.108364
2.121867
2.208272
2.380658
2.807556
3.507941
4.612241
5.237900
5.153725
4.512936
3.702035
2.917258
2.376855
1.732411
1.151880
0.752525
0.523999
0.352462
0.254216
0.216239
0.202861
0.202077
0.195262
0.719804
0.775600
0.804622
0.887872
1.010283
1.252963
1.489426
1.741800
1.868223
1.895302
1.939845
2.124828
2.487986
3.130131
4.047327
4.634263
4.579106
3.951193
3.221951
2.584788
2.082913
1.543288
1.033574
0.667095
0.460656
0.321736
0.224293
0.187081
0.179641
0.165907
0.179706
0.632665
0.640775
0.692933
0.772428
0.867026
1.051864
1.288756
1.497937
1.621463
1.613280
1.654858
1.842541
2.127929
2.652121
3.449075
3.961223
3.885870
3.415126
2.821941
2.224179
1.781347
1.317000
0.896263
0.564351
0.402656
0.265898
0.200135
0.163725
0.148402
0.150137
0.145612
0.524509
0.524248
0.577621
0.623399
0.734351
0.880971
1.073064
1.269743
1.351269
1.364067
1.371587
1.520435
1.748935
2.214388
2.844898
3.269300
3.233167
2.830593
2.316090
1.850766
1.487428
1.097099
0.738261
0.471775
0.329943
0.227384
0.164147
0.141274
0.127109
0.122088
0.126246
0.407684
0.457583
0.478981
0.512233
0.583262
0.718754
0.860012
1.008407
1.101484
1.108887
1.121667
1.215469
1.461069
1.813346
2.329476
2.647761
2.650770
2.332624
1.885319
1.485641
1.197632
0.873856
0.603988
0.381415
0.272006
0.182010
0.140875
0.109713
0.105336
0.104703
0.102672
0.353155
0.346329
0.382260
0.412141
0.479107
0.575245
0.711274
0.821291
0.887385
0.870866
0.903155
0.993584
1.144498
1.469879
1.876497
2.120192
2.086936
1.880830
1.518820
1.218900
0.985469
0.717614
0.488574
0.313500
0.214598
0.146691
0.109110
0.090250
0.086590
0.084487
0.083012
0.278914
0.284058
0.308672
0.339398
0.389778
0.467836
0.559291
0.665838
0.715484
0.713047
0.728314
0.811994
0.946353
1.164480
1.534928
1.723510
1.688490
1.510594
1.258009
0.984026
0.781876
0.593604
0.401412
0.252866
0.174242
0.122593
0.089540
0.073833
0.068442
0.064947
0.063086
0.223623
0.227652
0.252445
0.278671
0.308029
0.383231
0.464234
0.549491
0.565498
0.586910
0.608154
0.645895
0.759531
0.927410
1.213093
1.411968
1.382235
1.199616
1.004136
0.797122
0.639920
0.466705
0.319822
0.208401
0.147199
0.097687
0.073220
0.059132
0.059279
0.053240
0.052695
0.186138
0.187248
0.207410
0.226290
0.261308
0.311869
0.384150
0.436098
0.477299
0.474820
0.492571
0.540716
0.624856
0.774781
1.002562
1.152605
1.141801
1.004593
0.826724
0.655627
0.535278
0.393531
0.255544
0.174966
0.124888
0.084088
0.060109
0.050877
0.047081
0.042473
0.046098
0.156414
0.159789
0.173132
0.186537
0.218432
0.259372
0.322092
0.366686
0.405858
0.407784
0.406669
0.458320
0.523347
0.645863
0.842755
0.974078
0.958519
0.856446
0.690999
0.563036
0.455959
0.319834
0.220685
0.146982
0.100213
0.071251
0.051192
0.038594
0.038902
0.037700
0.038780
0.143368
0.139567
0.161612
0.157597
0.192684
0.231683
0.276678
0.324448
0.350760
0.347971
0.356676
0.385364
0.452783
0.566231
0.730367
0.854069
0.836579
0.735450
0.593784
0.475069
0.393395
0.292581
0.201488
0.127939
0.089007
0.061628
0.045353
0.034313
0.033319
0.034443
0.032220
0.121910
0.120245
0.132913
0.147260
0.161694
0.203227
0.247552
0.293982
0.306410
0.318589
0.314366
0.351918
0.399619
0.515418
0.659886
0.758887
0.743556
0.641976
0.530060
0.422236
0.341257
0.254676
0.171228
0.108768
0.082815
0.049250
0.040615
0.034227
0.031850
0.028551
0.026305
0.106251
0.120607
0.131478
0.128886
0.149592
0.185670
0.231377
0.255191
0.279740
0.286353
0.295967
0.325106
0.377211
0.468247
0.595284
0.680988
0.687630
0.601587
0.478323
0.392595
0.328621
0.242396
0.158229
0.100533
0.073212
0.049387
0.034777
0.031889
0.029249
0.026590
0.031293
0.100269
0.110917
0.114866
0.131218
0.141435
0.177908
0.207373
0.254741
0.264528
0.266408
0.278892
0.294468
0.362748
0.433805
0.577475
0.658412
0.634357
0.565034
0.467493
0.362312
0.300539
0.216850
0.152530
0.098249
0.066506
0.044242
0.034759
0.027491
0.026420
0.026857
0.024373
0.099800
0.102321
0.113094
0.125251
0.133763
0.171903
0.197197
0.249687
0.255091
0.254297
0.268458
0.292660
0.344944
0.415501
0.531769
0.617211
0.616916
0.549452
0.464828
0.355950
0.292271
0.222723
0.148299
0.093017
0.069101
0.045134
0.035977
0.025482
0.025837
0.026471
0.023060
0.097286
0.102586
0.111144
0.122499
0.137258
0.165284
0.199034
0.235883
0.247154
0.258590
0.268287
0.291847
0.332542
0.424465
0.542654
0.633609
0.622740
0.540157
0.444984
0.342361
0.280925
0.213713
0.137577
0.090777
0.067222
0.044565
0.032266
0.023486
0.025145
0.023238
0.020741
0.100715
0.105463
0.107268
0.122228
0.138489
0.162531
0.201392
0.244425
0.246450
0.259799
0.268066
0.287850
0.329986
0.424584
0.535747
0.630865
0.617914
0.545782
0.437312
0.352821
0.283230
0.206943
0.148988
0.091145
0.062423
0.043562
0.030163
0.032729
0.025360
0.021988
0.024085
0.100131
0.102893
0.110502
0.126972
0.141716
0.178212
0.212733
0.236348
0.255715
0.257114
0.268541
0.290245
0.338742
0.426801
0.541560
0.623802
0.614592
0.538999
0.440921
0.360226
0.297984
0.214865
0.144443
0.091407
0.069517
0.042134
0.032746
0.029225
0.024888
0.024666
0.021900
0.101190
0.102137
0.112177
0.122689
0.143479
0.181765
0.195858
0.242444
0.253561
0.256065
0.271189
0.297673
0.339372
0.430487
0.559414
0.632888
0.629139
0.539874
0.450951
0.361550
0.282624
0.208993
0.146567
0.096241
0.065089
0.045582
0.032126
0.029878
0.023901
0.025486
0.023733
0.103746
0.103536
0.117964
0.128668
0.138784
0.173903
0.206416
0.243022
0.260652
0.265630
0.271307
0.298477
0.351031
0.429795
0.556787
0.648992
0.643349
0.560750
0.468417
0.360022
0.303380
0.214686
0.147547
0.093331
0.066596
0.045699
0.034007
0.030266
0.024198
0.026145
0.023364
0.107227
0.110177
0.116700
0.128738
0.148092
0.186768
0.224763
0.253581
0.270089
0.278572
0.276981
0.305346
0.356257
0.442980
0.577694
0.675591
0.652692
0.579348
0.469017
0.369336
0.294554
0.211762
0.146454
0.096472
0.072310
0.042797
0.032527
0.026783
0.025157
0.028293
0.025698
0.108662
0.116755
0.111802
0.131623
0.141530
0.189732
0.214653
0.262573
0.272688
0.281091
0.286831
0.310536
0.374156
0.457006
0.581817
0.679653
0.670203
0.594289
0.481816
0.380905
0.308391
0.224424
0.163981
0.100854
0.068833
0.046719
0.031835
0.027861
0.027384
0.026445
0.026903
0.102521
0.111143
0.121787
0.132217
0.152080
0.188464
0.222980
0.265293
0.279471
0.282660
0.282581
0.322858
0.384266
0.463586
0.586511
0.677754
0.676194
0.587253
0.490718
0.395049
0.309433
0.224466
0.153192
0.101369
0.069300
0.048243
0.035056
0.026868
0.025647
0.025983
0.026895
0.112910
0.113650
0.126864
0.132207
0.155144
0.175014
0.226426
0.261762
0.283741
0.288547
0.289607
0.321163
0.362434
0.471630
0.597617
0.680912
0.676149
0.584327
0.489778
0.387504
0.305133
0.231661
0.153972
0.102115
0.069291
0.047771
0.034311
0.027021
0.027953
0.024236
0.025507
0.105233
0.115194
0.122777
0.121740
0.155572
0.178338
0.219780
0.259088
0.275541
0.277964
0.287772
0.319712
0.375067
0.455070
0.588060
0.676935
0.664383
0.583213
0.476742
0.390675
0.300798
0.217138
0.165779
0.097217
0.071293
0.046829
0.031433
0.030565
0.026239
0.023196
0.025990
0.105991
0.109792
0.120075
0.130148
0.148621
0.173844
0.220922
0.257978
0.275182
0.277670
0.286742
0.301354
0.352574
0.452958
0.583736
0.646988
0.649737
0.565446
0.476695
0.374854
0.301988
0.222266
0.152713
0.095509
0.065984
0.046161
0.034444
0.029207
0.025490
0.022470
0.026640
0.105077
0.108977
0.113924
0.128776
0.140214
0.170565
0.212486
0.248712
0.259271
0.270915
0.275780
0.288266
0.346911
0.434123
0.562640
0.636400
0.624880
0.544576
0.452617
0.369331
0.289327
0.210430
0.149545
0.088591
0.068369
0.040462
0.037183
0.029587
0.023878
0.025256
0.022495
0.094453
0.099796
0.112036
0.114817
0.130858
0.160303
0.195989
0.243088
0.256219
0.246438
0.256619
0.278996
0.327565
0.402508
0.535172
0.609245
0.598564
0.523134
0.433739
0.345224
0.272872
0.209873
0.142360
0.087045
0.061083
0.042197
0.030478
0.025839
0.027170
0.023065
0.020571
0.014346
0.022317
0.019820
0.029153
0.029215
0.031395
0.029756
0.037465
0.040175
0.042293
0.053548
0.063441
0.071245
0.072642
0.071052
0.067243
0.067462
0.058204
0.048789
0.043459
0.031500
0.022768
0.015713
0.006990
0.007914
0.004139
0.003512
0.002525
0.001122
0.001258
0.000887
0.024464
0.024770
0.026279
0.028601
0.028547
0.031543
0.041087
0.037110
0.046508
0.051370
0.057986
0.061059
0.073865
0.075732
0.075826
0.070822
0.072993
0.058826
0.053656
0.043421
0.027824
0.024555
0.016276
0.009890
0.007177
0.004114
0.001653
0.002008
0.000234
0.001321
0.003554
0.019645
0.023179
0.020782
0.028654
0.029936
0.034689
0.039938
0.042417
0.045220
0.054533
0.056956
0.067215
0.080519
0.076572
0.074908
0.077294
0.073525
0.061123
0.053745
0.040416
0.029255
0.023813
0.014140
0.011305
0.008026
0.005033
0.004677
0.002948
0.003489
0.003633
0.001532
0.019474
0.026750
0.028826
0.026585
0.033960
0.038600
0.040612
0.045728
0.056251
0.055226
0.068700
0.070773
0.079968
0.086210
0.084002
0.078367
0.073813
0.061770
0.058144
0.046762
0.034280
0.023813
0.011640
0.009223
0.009099
0.008801
0.003909
0.002519
0.002657
0.003345
0.001613
0.023872
0.030785
0.033267
0.033550
0.040444
0.046649
0.050103
0.060026
0.051960
0.059970
0.069209
0.084318
0.083365
0.087312
0.084751
0.085832
0.073959
0.071084
0.055758
0.049784
0.031740
0.028541
0.018634
0.012126
0.007988
0.004458
0.004990
0.001769
0.004004
0.002343
0.003724
0.031281
0.037038
0.040812
0.043274
0.043505
0.050227
0.053926
0.059089
0.070510
0.066843
0.074082
0.086904
0.090673
0.094680
0.103142
0.094258
0.082931
0.070336
0.067194
0.051584
0.041587
0.027999
0.015288
0.010308
0.010841
0.005033
0.004713
0.003010
0.003396
0.001795
0.003133
0.036869
0.047594
0.047525
0.058938
0.059602
0.053064
0.071435
0.070451
0.078858
0.076866
0.085390
0.094655
0.094964
0.098678
0.095260
0.096908
0.091333
0.078882
0.071689
0.052416
0.039858
0.028113
0.019730
0.011882
0.007389
0.003446
0.004476
0.005374
0.005381
0.003765
0.002486
0.044857
0.040875
0.060726
0.055617
0.058274
0.069651
0.076754
0.082274
0.087942
0.087193
0.091553
0.102545
0.111902
0.104737
0.110155
0.117154
0.098622
0.083148
0.069552
0.060370
0.044284
0.030244
0.024484
0.014726
0.011055
0.006345
0.006419
0.002025
0.005879
0.004897
0.005823
0.051583
0.054757
0.059145
0.065358
0.082557
0.085430
0.091118
0.096847
0.098830
0.105109
0.112344
0.121901
0.129711
0.132393
0.128465
0.127456
0.118985
0.105190
0.087891
0.062647
0.052702
0.035103
0.021249
0.017305
0.013165
0.009892
0.006815
0.004980
0.002717
0.003769
0.004552
0.060783
0.061620
0.072325
0.078692
0.092682
0.099313
0.105039
0.110314
0.123500
0.124641
0.133931
0.140599
0.154532
0.159437
0.159737
0.146861
0.143888
0.114853
0.099745
0.084580
0.064169
0.048247
0.028438
0.017672
0.014723
0.010404
0.009988
0.004446
0.002364
0.004009
0.004982
0.077655
0.082262
0.086521
0.096369
0.107865
0.125168
0.123739
0.143236
0.137174
0.156818
0.159884
0.177631
0.185707
0.185404
0.183293
0.184102
0.173096
0.142906
0.120402
0.100800
0.073902
0.052639
0.038765
0.023042
0.016335
0.010197
0.011824
0.007071
0.006832
0.005173
0.005763
0.083212
0.096424
0.105787
0.101889
0.122166
0.142012
0.147281
0.154523
0.178796
0.180029
0.208787
0.224683
0.230983
0.236120
0.228159
0.221161
0.208260
0.193486
0.159112
0.123342
0.089399
0.067043
0.045138
0.024990
0.018431
0.012394
0.011165
0.008684
0.010458
0.006457
0.006554
0.093200
0.110507
0.121098
0.128536
0.135395
0.146089
0.176359
0.177832
0.193528
0.217527
0.259112
0.274390
0.282596
0.283631
0.295440
0.272648
0.250135
0.230148
0.192084
0.149200
0.111942
0.079145
0.054062
0.031726
0.025357
0.022014
0.014713
0.010837
0.008300
0.010511
0.009053
0.123493
0.140726
0.132370
0.161239
0.171159
0.178778
0.192821
0.220183
0.241637
0.250986
0.297995
0.323672
0.353983
0.350846
0.346686
0.330006
0.315945
0.274781
0.245632
0.192648
0.147103
0.092676
0.063183
0.044349
0.037502
0.025552
0.018288
0.013193
0.013462
0.009264
0.009602
0.132029
0.147994
0.153300
0.170824
0.188912
0.208491
0.233200
0.248599
0.291591
0.295864
0.352023
0.378375
0.412330
0.437238
0.414886
0.397608
0.376610
0.337389
0.291935
0.235020
0.177876
0.121214
0.080493
0.057191
0.038809
0.024713
0.020227
0.015955
0.014006
0.015444
0.009762
0.146179
0.159960
0.174088
0.201048
0.219171
0.236753
0.249677
0.267250
0.319639
0.356751
0.408607
0.472877
0.491248
0.510099
0.489160
0.480152
0.448496
0.413664
0.353255
0.280274
0.210949
0.151922
0.097035
0.064707
0.048492
0.038877
0.024955
0.021154
0.016967
0.017513
0.014901
0.170994
0.196430
0.199804
0.225085
0.234711
0.253726
0.283195
0.319290
0.357111
0.424527
0.472834
0.513779
0.566720
0.588553
0.586723
0.551571
0.509665
0.482228
0.405090
0.324978
0.250946
0.161635
0.119670
0.074368
0.051516
0.039544
0.027465
0.020185
0.019230
0.014983
0.012978
0.191030
0.213083
0.223051
0.245659
0.270234
0.299542
0.319781
0.357404
0.385837
0.457978
0.524911
0.586182
0.634844
0.643178
0.654321
0.639471
0.583651
0.541882
0.455015
0.373038
0.284880
0.197390
0.122679
0.083678
0.064366
0.045503
0.039108
0.027678
0.019957
0.018437
0.021028
0.203328
0.228493
0.252306
0.264995
0.288417
0.323864
0.348721
0.385513
0.424241
0.497825
0.559345
0.621227
0.675140
0.700609
0.709140
0.710377
0.652248
0.604689
0.520438
0.408372
0.331250
0.223976
0.149439
0.099924
0.073615
0.050859
0.032959
0.032350
0.028521
0.025863
0.021747
0.228576
0.241638
0.262844
0.284821
0.310321
0.329810
0.354232
0.403499
0.464171
0.523418
0.600198
0.667809
0.753011
0.758637
0.762778
0.733350
0.684196
0.622670
0.542504
0.437509
0.342918
0.241510
0.162960
0.108410
0.078610
0.053510
0.038540
0.031971
0.026051
0.023519
0.019857
0.228362
0.246073
0.247823
0.303444
0.309140
0.352574
0.369871
0.412557
0.464488
0.546455
0.610233
0.695761
0.734483
0.772011
0.767609
0.747147
0.712820
0.653671
0.576305
0.456474
0.358027
0.251611
0.171717
0.109768
0.082576
0.054591
0.047736
0.036627
0.031560
0.030106
0.020907
0.225693
0.240573
0.272119
0.289277
0.316069
0.350283
0.378366
0.402031
0.466176
0.527869
0.598361
0.664012
0.750707
0.784665
0.767001
0.747612
0.687277
0.656769
0.561178
0.452594
0.361503
0.255616
0.169634
0.122162
0.085297
0.062651
0.046002
0.032790
0.025670
0.021677
0.021063
0.224881
0.248011
0.264553
0.278090
0.291055
0.341335
0.365294
0.396929
0.436456
0.493256
0.564181
0.652803
0.708653
0.756580
0.742786
0.699397
0.676796
0.612478
0.559977
0.451326
0.369715
0.243180
0.174344
0.103198
0.082026
0.057053
0.044805
0.032614
0.034933
0.023496
0.023656
0.212324
0.226010
0.248577
0.268543
0.281574
0.311118
0.336714
0.366896
0.409290
0.478122
0.538286
0.605403
0.659945
0.695002
0.707643
0.661953
0.647468
0.580984
0.505999
0.425331
0.327548
0.241022
0.166129
0.110553
0.082624
0.054212
0.044790
0.033390
0.028940
0.021245
0.026664
0.198205
0.198463
0.216023
0.252729
0.262594
0.282770
0.299110
0.339908
0.386023
0.417905
0.485092
0.540829
0.595923
0.615632
0.637402
0.604112
0.585010
0.526602
0.463837
0.391728
0.303974
0.215777
0.151278
0.095260
0.073929
0.057919
0.037640
0.024433
0.028743
0.021564
0.021393
0.182604
0.190080
0.200334
0.211261
0.229105
0.260087
0.280233
0.293061
0.328634
0.365284
0.428240
0.485107
0.550937
0.551749
0.562673
0.548417
0.533626
0.486947
0.417418
0.339426
0.275818
0.195428
0.129491
0.093198
0.066523
0.042365
0.033836
0.028365
0.023209
0.019284
0.016881
0.159719
0.163851
0.167239
0.190968
0.211909
0.219250
0.245756
0.259735
0.302596
0.319627
0.381667
0.432736
0.460712
0.492183
0.491941
0.496818
0.462645
0.421722
0.374440
0.299048
0.246699
0.176124
0.119306
0.081037
0.055419
0.044865
0.029665
0.027071
0.018188
0.013960
0.016748
0.138433
0.133416
0.155378
0.167940
0.179040
0.194653
0.216972
0.231262
0.260212
0.289691
0.329646
0.395138
0.421871
0.449140
0.435689
0.436308
0.396766
0.378451
0.335095
0.266709
0.202446
0.153991
0.103231
0.073256
0.052689
0.039268
0.026760
0.021626
0.016796
0.014880
0.013336
0.115001
0.126046
0.145030
0.146714
0.156953
0.169616
0.176072
0.201380
0.234191
0.267252
0.291102
0.345307
0.381276
0.392011
0.383566
0.385855
0.365211
0.347530
0.295269
0.235165
0.189934
0.139562
0.095904
0.061008
0.053373
0.031907
0.026603
0.021899
0.017948
0.018096
0.012088
0.105567
0.111470
0.115489
0.135088
0.130073
0.156936
0.167560
0.190837
0.198590
0.224573
0.264110
0.311900
0.341296
0.359297
0.343972
0.347563
0.319735
0.299420
0.269965
0.220580
0.173083
0.123348
0.085036
0.057089
0.044457
0.031498
0.020634
0.016848
0.015349
0.012046
0.011132
0.089893
0.096295
0.106850
0.115987
0.126736
0.136462
0.149018
0.169063
0.180246
0.203247
0.238372
0.278809
0.300624
0.317041
0.325187
0.319493
0.298347
0.270977
0.237285
0.191686
0.155573
0.117561
0.079578
0.048555
0.042094
0.030616
0.018965
0.016297
0.013899
0.010896
0.008115
0.086995
0.092798
0.093864
0.106404
0.128430
0.126488
0.143019
0.160123
0.169824
0.205882
0.227101
0.267218
0.287464
0.293510
0.301036
0.299676
0.276029
0.259472
0.229110
0.185284
0.147376
0.111689
0.074319
0.047600
0.036890
0.027579
0.014578
0.011565
0.010125
0.008593
0.006282
0.083543
0.086613
0.096909
0.094222
0.109946
0.120936
0.135549
0.146977
0.169902
0.190807
0.209531
0.251303
0.266157
0.290943
0.289808
0.277791
0.257576
0.230589
0.213321
0.185006
0.137915
0.099713
0.072273
0.047060
0.037511
0.025608
0.021461
0.013776
0.012806
0.009210
0.009644
0.083913
0.082307
0.091856
0.102968
0.112845
0.115518
0.131340
0.139982
0.161049
0.181005
0.212763
0.242812
0.264485
0.284602
0.272112
0.275837
0.259351
0.246434
0.209410
0.171180
0.135827
0.095147
0.068151
0.046855
0.034505
0.023277
0.018042
0.013925
0.009719
0.008251
0.004996
0.071042
0.086251
0.087102
0.096459
0.114211
0.114010
0.124379
0.155628
0.151987
0.176780
0.201045
0.234579
0.263900
0.265801
0.276941
0.266570
0.253804
0.229481
0.199261
0.169668
0.132677
0.089993
0.064240
0.043365
0.031786
0.023622
0.014843
0.014510
0.013194
0.009556
0.007716
0.075335
0.087058
0.089315
0.096409
0.105010
0.110539
0.121466
0.145429
0.156531
0.178059
0.211370
0.235359
0.265574
0.260771
0.270582
0.269786
0.253675
0.241332
0.199231
0.174714
0.140066
0.096927
0.066763
0.046682
0.034377
0.023241
0.018041
0.013546
0.010526
0.007724
0.010594
0.085204
0.088108
0.088826
0.089034
0.106919
0.110876
0.135216
0.131818
0.150314
0.183648
0.209645
0.240862
0.271905
0.273156
0.274517
0.285660
0.270042
0.236763
0.203835
0.174929
0.137821
0.093890
0.067411
0.044330
0.032747
0.021464
0.017947
0.011044
0.008126
0.008524
0.009604
0.078054
0.083639
0.094267
0.106510
0.120561
0.118227
0.129727
0.150509
0.159759
0.192998
0.219765
0.246637
0.266592
0.278274
0.289386
0.283674
0.266307
0.238546
0.221387
0.177526
0.139033
0.108024
0.063688
0.044222
0.034804
0.021576
0.016153
0.014303
0.012059
0.009580
0.006059
0.082589
0.090499
0.104473
0.093685
0.116343
0.121346
0.143374
0.164178
0.172113
0.205149
0.223277
0.264182
0.275633
0.298857
0.304976
0.292099
0.277387
0.249585
0.214029
0.187031
0.144568
0.098588
0.068534
0.048296
0.034577
0.023369
0.016360
0.011936
0.011065
0.009144
0.006433
0.096167
0.087005
0.094904
0.115921
0.128262
0.128289
0.145294
0.168380
0.177624
0.210613
0.226504
0.275244
0.293160
0.330660
0.313973
0.311403
0.291220
0.266534
0.228949
0.188509
0.148840
0.117954
0.068177
0.045775
0.036777
0.025676
0.017246
0.013220
0.012940
0.009296
0.008304
0.091825
0.100266
0.120374
0.128085
0.127500
0.141901
0.163622
0.161064
0.196568
0.217516
0.254308
0.287022
0.311408
0.337183
0.353455
0.334875
0.311942
0.297924
0.251112
0.209124
0.154033
0.109748
0.077813
0.052366
0.038493
0.024400
0.022252
0.015396
0.009186
0.008798
0.009208
0.102220
0.104297
0.104030
0.128351
0.145591
0.154220
0.171491
0.189936
0.210192
0.237176
0.273171
0.320835
0.348894
0.357118
0.361184
0.360402
0.352749
0.300465
0.263697
0.220974
0.166119
0.122302
0.075430
0.056157
0.037585
0.023364
0.021325
0.015999
0.014045
0.008260
0.009189
0.111715
0.113098
0.122365
0.136199
0.144876
0.161475
0.174818
0.198992
0.232643
0.260443
0.299755
0.344641
0.375632
0.386602
0.399958
0.387822
0.355170
0.334984
0.295655
0.240767
0.192328
0.136262
0.090701
0.060617
0.043892
0.033593
0.021420
0.018983
0.014895
0.008583
0.011476
0.118096
0.115785
0.135613
0.147019
0.164298
0.179208
0.193166
0.214429
0.236512
0.278589
0.318073
0.367234
0.421033
0.417201
0.426025
0.422144
0.386921
0.366432
0.317028
0.259178
0.197142
0.138291
0.095470
0.068093
0.045985
0.032201
0.024251
0.017647
0.012250
0.011887
0.012629
0.134393
0.139194
0.151547
0.149530
0.171410
0.183441
0.206404
0.233341
0.267114
0.327787
0.358978
0.402461
0.445356
0.470884
0.483070
0.463410
0.435844
0.399345
0.349381
0.295476
0.220041
0.155908
0.098805
0.073145
0.050204
0.038856
0.026106
0.019481
0.016963
0.012132
0.013804
0.130186
0.134664
0.161014
0.172421
0.192331
0.204272
0.227152
0.263275
0.287793
0.322667
0.381962
0.432625
0.485894
0.506221
0.519977
0.502180
0.468423
0.426667
0.378679
0.304572
0.239714
0.174248
0.117135
0.073019
0.056098
0.042209
0.025610
0.019020
0.014696
0.015049
0.012983
0.139961
0.161682
0.172306
0.204468
0.205140
0.217369
0.244890
0.279591
0.299852
0.361496
0.417707
0.473108
0.524970
0.538866
0.551164
0.542841
0.494095
0.466496
0.410104
0.338788
0.267181
0.191967
0.114541
0.076665
0.060018
0.039372
0.032416
0.022171
0.016765
0.020680
0.014793
0.169660
0.170395
0.171696
0.191001
0.227110
0.238384
0.260161
0.292846
0.322337
0.378435
0.438125
0.491078
0.561864
0.568411
0.572394
0.571262
0.528291
0.487684
0.413911
0.355379
0.271030
0.193142
0.126665
0.080673
0.063786
0.041395
0.033226
0.025440
0.021124
0.018205
0.015328
0.165845
0.175181
0.187077
0.209826
0.229419
0.240552
0.271828
0.295098
0.341008
0.400183
0.453731
0.527249
0.571774
0.608114
0.616341
0.591829
0.546533
0.504411
0.456953
0.372046
0.284040
0.204492
0.136573
0.092618
0.058052
0.046708
0.032804
0.020665
0.024179
0.016688
0.018102
0.165060
0.177866
0.192961
0.204897
0.236153
0.261133
0.280212
0.299722
0.341060
0.421744
0.497163
0.547926
0.609179
0.639681
0.634756
0.618848
0.598989
0.540820
0.480684
0.374580
0.313657
0.209976
0.136912
0.099196
0.072074
0.045925
0.037570
0.025789
0.021031
0.023113
0.014595
0.176478
0.183731
0.207822
0.214646
0.242186
0.266873
0.287682
0.320389
0.365164
0.433117
0.490477
0.555243
0.648411
0.669783
0.649652
0.646108
0.612422
0.564879
0.497728
0.403709
0.314250
0.218355
0.151073
0.098649
0.072229
0.046392
0.040046
0.029270
0.022758
0.020912
0.016852
1
1
1
1
1
1
1
1
1
1
1
1
1
1
1
1
1
1
1
1
1
1
1
1
1
1
1
1
1
1
1
1
1
1
1
1
1
1
1
1
1
1
1
1
1
1
1
1
1
1
1
1
1
1
1
1
1
1
1
1
1
1
1
1
1
1
1
1
1
1
1
1
1
1
1
1
1
1
1
1
1
1
1
1
1
1
1
1
1
1
1
1
1
1
1
1
1
1
1
1
1
1
1
1
1
1
1
1
1
1
1
1
1
1
1
1
1
1
1
1
1
1
1
1
1
1
1
1
1
1
1
1
1
1
1
1
1
1
1
1
1
1
1
1
1
1
1
1
1
1
1
1
1
1
1
1
1
1
1
1
1
1
1
1
1
1
1
1
1
1
1
1
1
1
1
1
1
1
1
1
1
1
1
1
1
1
1
1
1
1
1
1
1
1
1
1
1
1
1
1
1
1
1
1
1
1
1
1
1
1
1
1
1
1
1
1
1
1
1
1
1
1
1
1
1
1
1
1
1
1
1
1
1
1
1
1
1
1
1
1
1
1
1
1
1
1
1
1
1
1
1
1
1
1
1
1
1
1
1
1
1
1
1
1
1
1
1
1
1
1
1
1
1
1
1
1
1
1
1
1
1
1
1
1
1
1
1
1
1
1
1
1
1
1
1
1
1
1
1
1
1
1
1
1
1
1
1
1
1
1
1
1
1
1
1
1
1
1
1
1
1
1
1
1
1
1
1
1
1
1
1
1
1
1
1
1
1
1
1
1
1
1
1
1
1
1
1
1
1
1
1
1
1
1
1
1
1
1
1
1
1
1
1
1
1
1
1
1
1
1
1
1
1
1
1
1
1
1
1
1
1
1
1
1
1
1
1
1
1
1
1
1
1
1
1
1
1
1
1
1
1
1
1
1
1
1
1
1
1
1
1
1
1
1
1
1
1
1
1
1
1
1
1
1
1
1
1
1
1
1
1
1
1
1
1
1
1
1
1
1
1
1
1
1
1
1
1
1
1
1
1
1
1
1
1
1
1
1
1
1
1
1
1
1
1
1
1
1
1
1
1
1
1
1
1
1
1
1
1
1
1
1
1
1
1
1
1
1
1
1
1
1
1
1
1
1
1
1
1
1
1
1
1
1
1
1
1
1
1
1
1
1
1
1
1
1
1
1
1
1
1
1
1
1
1
1
1
1
1
1
1
1
1
1
1
1
1
1
1
1
1
1
1
1
1
1
1
1
1
1
1
1
1
1
1
1
1
1
1
1
1
1
1
1
1
1
1
1
1
1
1
1
1
1
1
1
1
1
1
1
1
1
1
1
1
1
1
1
1
1
1
1
1
1
1
1
1
1
1
1
1
1
1
1
1
1
1
1
1
1
1
1
1
1
1
1
1
1
1
1
1
1
1
1
1
1
1
1
1
1
1
1
1
1
1
1
1
1
1
1
1
1
1
1
1
1
1
1
1
1
1
1
1
1
1
1
1
1
1
1
1
1
1
1
1
1
1
1
1
1
1
1
1
1
1
1
1
1
1
1
1
1
1
1
1
1
1
1
1
1
1
1
1
1
1
1
1
1
1
1
1
1
1
1
1
1
1
1
1
1
1
1
1
1
1
1
1
1
1
1
1
1
1
1
1
1
1
1
1
1
1
1
1
1
1
1
1
1
1
1
1
1
1
1
1
1
1
1
1
1
1
1
1
1
1
1
1
1
1
1
1
1
1
1
1
1
1
1
1
1
1
1
1
1
1
1
1
1
1
1
1
1
1
1
1
1
1
1
1
1
1
1
1
1
1
1
1
1
1
1
1
1
1
1
1
1
1
1
1
1
1
1
1
1
1
1
1
1
1
1
1
1
1
1
1
1
1
1
1
1
1
1
1
1
1
1
1
1
1
1
1
1
1
1
1
1
1
1
1
1
1
1
1
1
1
1
1
1
1
1
1
1
1
1
1
1
1
1
1
1
1
1
1
1
1
1
1
1
1
1
1
1
1
1
1
1
1
1
1
1
1
1
1
1
1
1
1
1
1
1
1
1
1
1
1
1
1
1
1
1
1
1
1
1
1
1
1
1
1
1
1
1
1
1
1
1
1
1
1
1
1
1
1
1
1
1
1
1
1
1
1
1
1
1
1
1
1
1
1
1
1
1
1
1
1
1
1
1
1
1
1
1
1
1
1
1
1
1
1
1
1
1
1
1
1
1
1
1
1
1
1
1
1
1
1
1
1
1
1
1
1
1
1
1
1
1
1
1
1
1
1
1
1
1
1
1
1
1
1
1
1
1
1
1
1
1
1
1
1
1
1
1
1
1
1
1
1
1
1
1
1
1
1
1
1
1
1
1
1
1
1
1
1
1
1
1
1
1
1
1
1
1
1
1
1
1
1
1
1
1
1
1
1
1
1
1
1
1
1
1
1
1
1
1
1
1
1
1
1
1
1
1
1
1
1
1
1
1
1
1
1
1
1
1
1
1
1
1
1
1
1
1
1
1
1
1
1
1
1
1
1
1
1
1
1
1
1
1
1
1
1
1
1
1
1
1
1
1
1
1
1
1
1
1
1
1
1
1
1
1
1
1
1
1
1
1
1
1
1
1
1
1
1
1
1
1
1
1
1
1
1
1
1
1
1
1
1
1
1
1
1
1
1
1
1
1
1
1
1
1
1
1
1
1
1
1
1
1
1
1
1
1
1
1
1
1
1
1
1
1
1
1
1
1
1
1
1
1
1
1
1
1
1
1
1
1
1
1
1
1
1
1
1
1
1
1
1
1
1
1
1
1
1
1
1
1
1
1
1
1
1
1
1
1
1
1
1
1
1
1
1
1
1
1
1
1
1
1
1
1
1
1
1
1
1
1
1
1
1
1
1
1
1
1
1
1
1
1
1
1
1
1
1
1
1
1
1
1
1
1
1
1
1
1
1
1
1
1
1
1
1
1
1
1
1
1
1
1
1
1
1
1
1
1
1
1
1
1
1
1
1
1
1
1
1
1
1
1
1
1
1
1
1
1
1
1
1
1
1
1
1
1
1
1
1
1
1
1
1
1
1
1
1
1
1
1
1
1
1
1
1
1
1
1
1
1
1
1
1
1
1
1
1
1
1
1
1
1
1
1
1
1
1
1
1
1
1
1
1
1
1
1
1
1
1
1
1
1
1
1
1
1
1
1
1
1
1
1
1
1
1
1
1
1
1
1
1
1
1
1
1
1
1
1
1
1
1
1
1
1
1
1
1
1
1
1
1
1
1
1
1
1
1
1
1
1
1
1
1
1
1
1
1
1
1
1
1
1
1
1
1
1
1
1
1
1
1
1
1
1
1
1
1
1
1
1
1
1
1
1
1
1
1
1
1
1
1
1
1
1
1
1
1
1
1
1
1
1
1
1
1
1
1
1
1
1
1
1
1
1
1
1
1
1
1
1
1
1
1
1
1
1
1
1
1
1
1
1
1
1
1
1
1
1
1
1
1
1
1
1
1
1
1
1
1
1
1
1
1
1
1
1
1
1
1
1
1
1
1
1
1
1
1
1
1
1
1
1
1
1
1
1
1
1
1
1
1
1
1
1
1
